6558.0, 8702, 
6558.002, 8700, 
6558.004, 8699, 
6558.006, 8697, 
6558.008, 8696, 
6558.01, 8695, 
6558.012, 8693, 
6558.014, 8692, 
6558.016, 8690, 
6558.018, 8689, 
6558.02, 8688, 
6558.022, 8687, 
6558.024, 8686, 
6558.026, 8684, 
6558.028, 8683, 
6558.03, 8681, 
6558.032, 8680, 
6558.034, 8679, 
6558.036, 8678, 
6558.038, 8677, 
6558.04, 8675, 
6558.042, 8674, 
6558.044, 8672, 
6558.046, 8670, 
6558.048, 8668, 
6558.05, 8666, 
6558.052, 8664, 
6558.054, 8662, 
6558.056, 8659, 
6558.058, 8657, 
6558.06, 8655, 
6558.062, 8652, 
6558.064, 8650, 
6558.066, 8647, 
6558.068, 8646, 
6558.07, 8643, 
6558.072, 8641, 
6558.074, 8639, 
6558.076, 8636, 
6558.078, 8633, 
6558.08, 8631, 
6558.082, 8629, 
6558.084, 8627, 
6558.086, 8625, 
6558.088, 8623, 
6558.09, 8621, 
6558.092, 8619, 
6558.094, 8617, 
6558.096, 8616, 
6558.098, 8615, 
6558.1, 8613, 
6558.102, 8611, 
6558.104, 8609, 
6558.106, 8607, 
6558.108, 8605, 
6558.11, 8603, 
6558.112, 8600, 
6558.114, 8597, 
6558.116, 8594, 
6558.118, 8591, 
6558.12, 8588, 
6558.122, 8585, 
6558.124, 8581, 
6558.126, 8577, 
6558.128, 8572, 
6558.13, 8567, 
6558.132, 8563, 
6558.134, 8558, 
6558.136, 8553, 
6558.138, 8547, 
6558.14, 8542, 
6558.142, 8537, 
6558.144, 8531, 
6558.146, 8527, 
6558.148, 8522, 
6558.15, 8518, 
6558.152, 8514, 
6558.154, 8511, 
6558.156, 8508, 
6558.158, 8506, 
6558.16, 8505, 
6558.162, 8504, 
6558.164, 8504, 
6558.166, 8505, 
6558.168, 8507, 
6558.17, 8510, 
6558.172, 8513, 
6558.174, 8515, 
6558.176, 8519, 
6558.178, 8523, 
6558.18, 8527, 
6558.182, 8531, 
6558.184, 8536, 
6558.186, 8539, 
6558.188, 8543, 
6558.19, 8548, 
6558.192, 8551, 
6558.194, 8555, 
6558.196, 8560, 
6558.198, 8563, 
6558.2, 8567, 
6558.202, 8571, 
6558.204, 8575, 
6558.206, 8578, 
6558.208, 8582, 
6558.21, 8586, 
6558.212, 8588, 
6558.214, 8592, 
6558.216, 8596, 
6558.218, 8599, 
6558.22, 8602, 
6558.222, 8605, 
6558.224, 8608, 
6558.226, 8610, 
6558.228, 8612, 
6558.23, 8615, 
6558.232, 8618, 
6558.234, 8620, 
6558.236, 8622, 
6558.238, 8625, 
6558.24, 8627, 
6558.242, 8629, 
6558.244, 8631, 
6558.246, 8633, 
6558.248, 8635, 
6558.25, 8638, 
6558.252, 8640, 
6558.254, 8641, 
6558.256, 8643, 
6558.258, 8645, 
6558.26, 8647, 
6558.262, 8649, 
6558.264, 8652, 
6558.266, 8652, 
6558.268, 8654, 
6558.27, 8656, 
6558.272, 8657, 
6558.274, 8659, 
6558.276, 8661, 
6558.278, 8661, 
6558.28, 8662, 
6558.282, 8662, 
6558.284, 8663, 
6558.286, 8664, 
6558.288, 8664, 
6558.29, 8664, 
6558.292, 8664, 
6558.294, 8663, 
6558.296, 8663, 
6558.298, 8663, 
6558.3, 8662, 
6558.302, 8662, 
6558.304, 8661, 
6558.306, 8660, 
6558.308, 8659, 
6558.31, 8658, 
6558.312, 8657, 
6558.314, 8656, 
6558.316, 8655, 
6558.318, 8655, 
6558.32, 8655, 
6558.322, 8654, 
6558.324, 8654, 
6558.326, 8653, 
6558.328, 8653, 
6558.33, 8652, 
6558.332, 8652, 
6558.334, 8652, 
6558.336, 8652, 
6558.338, 8651, 
6558.34, 8651, 
6558.342, 8652, 
6558.344, 8652, 
6558.346, 8653, 
6558.348, 8653, 
6558.35, 8653, 
6558.352, 8653, 
6558.354, 8653, 
6558.356, 8654, 
6558.358, 8654, 
6558.36, 8654, 
6558.362, 8654, 
6558.364, 8655, 
6558.366, 8655, 
6558.368, 8655, 
6558.37, 8655, 
6558.372, 8655, 
6558.374, 8655, 
6558.376, 8655, 
6558.378, 8654, 
6558.38, 8654, 
6558.382, 8653, 
6558.384, 8653, 
6558.386, 8653, 
6558.388, 8652, 
6558.39, 8652, 
6558.392, 8652, 
6558.394, 8652, 
6558.396, 8651, 
6558.398, 8651, 
6558.4, 8650, 
6558.402, 8650, 
6558.404, 8649, 
6558.406, 8648, 
6558.408, 8648, 
6558.41, 8647, 
6558.412, 8646, 
6558.414, 8645, 
6558.416, 8643, 
6558.418, 8642, 
6558.42, 8640, 
6558.422, 8639, 
6558.424, 8638, 
6558.426, 8636, 
6558.428, 8634, 
6558.43, 8632, 
6558.432, 8630, 
6558.434, 8629, 
6558.436, 8627, 
6558.438, 8625, 
6558.44, 8623, 
6558.442, 8622, 
6558.444, 8620, 
6558.446, 8619, 
6558.448, 8618, 
6558.45, 8616, 
6558.452, 8615, 
6558.454, 8614, 
6558.456, 8613, 
6558.458, 8612, 
6558.46, 8611, 
6558.462, 8610, 
6558.464, 8608, 
6558.466, 8607, 
6558.468, 8606, 
6558.47, 8605, 
6558.472, 8604, 
6558.474, 8603, 
6558.476, 8601, 
6558.478, 8600, 
6558.48, 8598, 
6558.482, 8597, 
6558.484, 8595, 
6558.486, 8594, 
6558.488, 8592, 
6558.49, 8590, 
6558.492, 8589, 
6558.494, 8587, 
6558.496, 8586, 
6558.498, 8584, 
6558.5, 8583, 
6558.502, 8582, 
6558.504, 8580, 
6558.506, 8579, 
6558.508, 8578, 
6558.51, 8577, 
6558.512, 8576, 
6558.514, 8576, 
6558.516, 8575, 
6558.518, 8574, 
6558.52, 8574, 
6558.522, 8573, 
6558.524, 8574, 
6558.526, 8574, 
6558.528, 8573, 
6558.53, 8573, 
6558.532, 8573, 
6558.534, 8574, 
6558.536, 8573, 
6558.538, 8573, 
6558.54, 8573, 
6558.542, 8573, 
6558.544, 8573, 
6558.546, 8574, 
6558.548, 8574, 
6558.55, 8574, 
6558.552, 8575, 
6558.554, 8575, 
6558.556, 8575, 
6558.558, 8576, 
6558.56, 8576, 
6558.562, 8575, 
6558.564, 8576, 
6558.566, 8576, 
6558.568, 8576, 
6558.57, 8577, 
6558.572, 8577, 
6558.574, 8577, 
6558.576, 8578, 
6558.578, 8578, 
6558.58, 8578, 
6558.582, 8578, 
6558.584, 8578, 
6558.586, 8578, 
6558.588, 8578, 
6558.59, 8578, 
6558.592, 8578, 
6558.594, 8578, 
6558.596, 8578, 
6558.598, 8578, 
6558.6, 8577, 
6558.602, 8577, 
6558.604, 8576, 
6558.606, 8575, 
6558.608, 8574, 
6558.61, 8573, 
6558.612, 8572, 
6558.614, 8571, 
6558.616, 8570, 
6558.618, 8569, 
6558.62, 8568, 
6558.622, 8566, 
6558.624, 8565, 
6558.626, 8565, 
6558.628, 8564, 
6558.63, 8563, 
6558.632, 8563, 
6558.634, 8563, 
6558.636, 8563, 
6558.638, 8563, 
6558.64, 8563, 
6558.642, 8564, 
6558.644, 8564, 
6558.646, 8564, 
6558.648, 8565, 
6558.65, 8566, 
6558.652, 8567, 
6558.654, 8568, 
6558.656, 8569, 
6558.658, 8570, 
6558.66, 8570, 
6558.662, 8570, 
6558.664, 8570, 
6558.666, 8570, 
6558.668, 8571, 
6558.67, 8571, 
6558.672, 8571, 
6558.674, 8571, 
6558.676, 8571, 
6558.678, 8571, 
6558.68, 8572, 
6558.682, 8572, 
6558.684, 8572, 
6558.686, 8572, 
6558.688, 8572, 
6558.69, 8571, 
6558.692, 8571, 
6558.694, 8571, 
6558.696, 8572, 
6558.698, 8572, 
6558.7, 8572, 
6558.702, 8572, 
6558.704, 8573, 
6558.706, 8573, 
6558.708, 8573, 
6558.71, 8574, 
6558.712, 8574, 
6558.714, 8574, 
6558.716, 8573, 
6558.718, 8573, 
6558.72, 8573, 
6558.722, 8574, 
6558.724, 8574, 
6558.726, 8574, 
6558.728, 8574, 
6558.73, 8574, 
6558.732, 8574, 
6558.734, 8574, 
6558.736, 8574, 
6558.738, 8573, 
6558.74, 8573, 
6558.742, 8572, 
6558.744, 8572, 
6558.746, 8572, 
6558.748, 8572, 
6558.75, 8571, 
6558.752, 8570, 
6558.754, 8569, 
6558.756, 8568, 
6558.758, 8568, 
6558.76, 8567, 
6558.762, 8566, 
6558.764, 8565, 
6558.766, 8564, 
6558.768, 8562, 
6558.77, 8561, 
6558.772, 8560, 
6558.774, 8559, 
6558.776, 8558, 
6558.778, 8556, 
6558.78, 8555, 
6558.782, 8553, 
6558.784, 8552, 
6558.786, 8549, 
6558.788, 8547, 
6558.79, 8545, 
6558.792, 8544, 
6558.794, 8542, 
6558.796, 8540, 
6558.798, 8538, 
6558.8, 8536, 
6558.802, 8534, 
6558.804, 8531, 
6558.806, 8529, 
6558.808, 8527, 
6558.81, 8526, 
6558.812, 8524, 
6558.814, 8522, 
6558.816, 8520, 
6558.818, 8519, 
6558.82, 8517, 
6558.822, 8515, 
6558.824, 8514, 
6558.826, 8512, 
6558.828, 8511, 
6558.83, 8510, 
6558.832, 8509, 
6558.834, 8508, 
6558.836, 8506, 
6558.838, 8505, 
6558.84, 8504, 
6558.842, 8503, 
6558.844, 8502, 
6558.846, 8500, 
6558.848, 8499, 
6558.85, 8498, 
6558.852, 8497, 
6558.854, 8496, 
6558.856, 8495, 
6558.858, 8494, 
6558.86, 8493, 
6558.862, 8492, 
6558.864, 8491, 
6558.866, 8490, 
6558.868, 8489, 
6558.87, 8489, 
6558.872, 8488, 
6558.874, 8488, 
6558.876, 8487, 
6558.878, 8487, 
6558.88, 8486, 
6558.882, 8487, 
6558.884, 8487, 
6558.886, 8487, 
6558.888, 8487, 
6558.89, 8487, 
6558.892, 8487, 
6558.894, 8487, 
6558.896, 8488, 
6558.898, 8489, 
6558.9, 8489, 
6558.902, 8490, 
6558.904, 8491, 
6558.906, 8492, 
6558.908, 8492, 
6558.91, 8493, 
6558.912, 8493, 
6558.914, 8494, 
6558.916, 8495, 
6558.918, 8496, 
6558.92, 8497, 
6558.922, 8498, 
6558.924, 8499, 
6558.926, 8498, 
6558.928, 8499, 
6558.93, 8499, 
6558.932, 8500, 
6558.934, 8500, 
6558.936, 8500, 
6558.938, 8501, 
6558.94, 8501, 
6558.942, 8501, 
6558.944, 8501, 
6558.946, 8501, 
6558.948, 8501, 
6558.95, 8501, 
6558.952, 8500, 
6558.954, 8500, 
6558.956, 8500, 
6558.958, 8500, 
6558.96, 8500, 
6558.962, 8500, 
6558.964, 8500, 
6558.966, 8500, 
6558.968, 8500, 
6558.97, 8500, 
6558.972, 8500, 
6558.974, 8499, 
6558.976, 8499, 
6558.978, 8499, 
6558.98, 8499, 
6558.982, 8498, 
6558.984, 8497, 
6558.986, 8496, 
6558.988, 8496, 
6558.99, 8495, 
6558.992, 8495, 
6558.994, 8494, 
6558.996, 8493, 
6558.998, 8492, 
6559.0, 8492, 
6559.002, 8492, 
6559.004, 8491, 
6559.006, 8491, 
6559.008, 8491, 
6559.01, 8491, 
6559.012, 8491, 
6559.014, 8491, 
6559.016, 8491, 
6559.018, 8491, 
6559.02, 8491, 
6559.022, 8491, 
6559.024, 8491, 
6559.026, 8491, 
6559.028, 8491, 
6559.03, 8490, 
6559.032, 8489, 
6559.034, 8489, 
6559.036, 8488, 
6559.038, 8487, 
6559.04, 8486, 
6559.042, 8484, 
6559.044, 8483, 
6559.046, 8482, 
6559.048, 8480, 
6559.05, 8478, 
6559.052, 8476, 
6559.054, 8475, 
6559.056, 8474, 
6559.058, 8472, 
6559.06, 8471, 
6559.062, 8470, 
6559.064, 8469, 
6559.066, 8468, 
6559.068, 8467, 
6559.07, 8466, 
6559.072, 8465, 
6559.074, 8465, 
6559.076, 8465, 
6559.078, 8465, 
6559.08, 8464, 
6559.082, 8464, 
6559.084, 8464, 
6559.086, 8464, 
6559.088, 8463, 
6559.09, 8463, 
6559.092, 8463, 
6559.094, 8463, 
6559.096, 8463, 
6559.098, 8463, 
6559.1, 8463, 
6559.102, 8463, 
6559.104, 8463, 
6559.106, 8463, 
6559.108, 8462, 
6559.11, 8461, 
6559.112, 8461, 
6559.114, 8460, 
6559.116, 8460, 
6559.118, 8460, 
6559.12, 8459, 
6559.122, 8459, 
6559.124, 8458, 
6559.126, 8458, 
6559.128, 8458, 
6559.13, 8458, 
6559.132, 8457, 
6559.134, 8457, 
6559.136, 8456, 
6559.138, 8455, 
6559.14, 8454, 
6559.142, 8454, 
6559.144, 8453, 
6559.146, 8453, 
6559.148, 8452, 
6559.15, 8451, 
6559.152, 8450, 
6559.154, 8449, 
6559.156, 8448, 
6559.158, 8447, 
6559.16, 8445, 
6559.162, 8444, 
6559.164, 8442, 
6559.166, 8441, 
6559.168, 8439, 
6559.17, 8438, 
6559.172, 8437, 
6559.174, 8435, 
6559.176, 8434, 
6559.178, 8433, 
6559.18, 8432, 
6559.182, 8431, 
6559.184, 8430, 
6559.186, 8429, 
6559.188, 8429, 
6559.19, 8428, 
6559.192, 8428, 
6559.194, 8427, 
6559.196, 8426, 
6559.198, 8425, 
6559.2, 8425, 
6559.202, 8425, 
6559.204, 8425, 
6559.206, 8424, 
6559.208, 8424, 
6559.21, 8424, 
6559.212, 8424, 
6559.214, 8424, 
6559.216, 8424, 
6559.218, 8423, 
6559.22, 8423, 
6559.222, 8422, 
6559.224, 8422, 
6559.226, 8422, 
6559.228, 8422, 
6559.23, 8422, 
6559.232, 8421, 
6559.234, 8421, 
6559.236, 8421, 
6559.238, 8421, 
6559.24, 8421, 
6559.242, 8421, 
6559.244, 8420, 
6559.246, 8420, 
6559.248, 8419, 
6559.25, 8419, 
6559.252, 8419, 
6559.254, 8419, 
6559.256, 8418, 
6559.258, 8418, 
6559.26, 8417, 
6559.262, 8417, 
6559.264, 8416, 
6559.266, 8415, 
6559.268, 8414, 
6559.27, 8413, 
6559.272, 8412, 
6559.274, 8411, 
6559.276, 8410, 
6559.278, 8409, 
6559.28, 8408, 
6559.282, 8406, 
6559.284, 8405, 
6559.286, 8404, 
6559.288, 8403, 
6559.29, 8402, 
6559.292, 8401, 
6559.294, 8400, 
6559.296, 8399, 
6559.298, 8398, 
6559.3, 8397, 
6559.302, 8396, 
6559.304, 8396, 
6559.306, 8395, 
6559.308, 8394, 
6559.31, 8394, 
6559.312, 8393, 
6559.314, 8393, 
6559.316, 8392, 
6559.318, 8391, 
6559.32, 8390, 
6559.322, 8389, 
6559.324, 8389, 
6559.326, 8388, 
6559.328, 8387, 
6559.33, 8387, 
6559.332, 8387, 
6559.334, 8386, 
6559.336, 8386, 
6559.338, 8385, 
6559.34, 8385, 
6559.342, 8384, 
6559.344, 8384, 
6559.346, 8383, 
6559.348, 8383, 
6559.35, 8382, 
6559.352, 8382, 
6559.354, 8381, 
6559.356, 8381, 
6559.358, 8380, 
6559.36, 8379, 
6559.362, 8379, 
6559.364, 8378, 
6559.366, 8377, 
6559.368, 8376, 
6559.37, 8375, 
6559.372, 8374, 
6559.374, 8373, 
6559.376, 8372, 
6559.378, 8370, 
6559.38, 8369, 
6559.382, 8368, 
6559.384, 8367, 
6559.386, 8366, 
6559.388, 8364, 
6559.39, 8363, 
6559.392, 8362, 
6559.394, 8361, 
6559.396, 8360, 
6559.398, 8359, 
6559.4, 8358, 
6559.402, 8357, 
6559.404, 8356, 
6559.406, 8355, 
6559.408, 8354, 
6559.41, 8353, 
6559.412, 8352, 
6559.414, 8350, 
6559.416, 8349, 
6559.418, 8348, 
6559.42, 8346, 
6559.422, 8345, 
6559.424, 8344, 
6559.426, 8343, 
6559.428, 8341, 
6559.43, 8339, 
6559.432, 8338, 
6559.434, 8336, 
6559.436, 8333, 
6559.438, 8331, 
6559.44, 8329, 
6559.442, 8327, 
6559.444, 8325, 
6559.446, 8322, 
6559.448, 8319, 
6559.45, 8317, 
6559.452, 8313, 
6559.454, 8309, 
6559.456, 8307, 
6559.458, 8303, 
6559.46, 8299, 
6559.462, 8294, 
6559.464, 8290, 
6559.466, 8286, 
6559.468, 8280, 
6559.47, 8274, 
6559.472, 8269, 
6559.474, 8261, 
6559.476, 8254, 
6559.478, 8248, 
6559.48, 8241, 
6559.482, 8233, 
6559.484, 8220, 
6559.486, 8208, 
6559.488, 8194, 
6559.49, 8178, 
6559.492, 8161, 
6559.494, 8143, 
6559.496, 8125, 
6559.498, 8107, 
6559.5, 8089, 
6559.502, 8070, 
6559.504, 8049, 
6559.506, 8029, 
6559.508, 8007, 
6559.51, 7983, 
6559.512, 7956, 
6559.514, 7927, 
6559.516, 7898, 
6559.518, 7860, 
6559.52, 7816, 
6559.522, 7770, 
6559.524, 7726, 
6559.526, 7683, 
6559.528, 7642, 
6559.53, 7598, 
6559.532, 7553, 
6559.534, 7507, 
6559.536, 7460, 
6559.538, 7413, 
6559.54, 7368, 
6559.542, 7324, 
6559.544, 7284, 
6559.546, 7243, 
6559.548, 7203, 
6559.55, 7163, 
6559.552, 7123, 
6559.554, 7087, 
6559.556, 7051, 
6559.558, 7018, 
6559.56, 6988, 
6559.562, 6960, 
6559.564, 6936, 
6559.566, 6918, 
6559.568, 6903, 
6559.57, 6894, 
6559.572, 6888, 
6559.574, 6885, 
6559.576, 6886, 
6559.578, 6892, 
6559.58, 6901, 
6559.582, 6918, 
6559.584, 6938, 
6559.586, 6963, 
6559.588, 6993, 
6559.59, 7024, 
6559.592, 7058, 
6559.594, 7093, 
6559.596, 7128, 
6559.598, 7165, 
6559.6, 7202, 
6559.602, 7239, 
6559.604, 7276, 
6559.606, 7315, 
6559.608, 7356, 
6559.61, 7398, 
6559.612, 7442, 
6559.614, 7488, 
6559.616, 7534, 
6559.618, 7579, 
6559.62, 7618, 
6559.622, 7655, 
6559.624, 7690, 
6559.626, 7722, 
6559.628, 7753, 
6559.63, 7782, 
6559.632, 7810, 
6559.634, 7836, 
6559.636, 7859, 
6559.638, 7883, 
6559.64, 7905, 
6559.642, 7925, 
6559.644, 7946, 
6559.646, 7964, 
6559.648, 7981, 
6559.65, 7997, 
6559.652, 8012, 
6559.654, 8027, 
6559.656, 8041, 
6559.658, 8055, 
6559.66, 8068, 
6559.662, 8080, 
6559.664, 8092, 
6559.666, 8103, 
6559.668, 8111, 
6559.67, 8121, 
6559.672, 8130, 
6559.674, 8138, 
6559.676, 8147, 
6559.678, 8154, 
6559.68, 8161, 
6559.682, 8166, 
6559.684, 8169, 
6559.686, 8172, 
6559.688, 8175, 
6559.69, 8177, 
6559.692, 8180, 
6559.694, 8182, 
6559.696, 8183, 
6559.698, 8184, 
6559.7, 8183, 
6559.702, 8183, 
6559.704, 8182, 
6559.706, 8182, 
6559.708, 8181, 
6559.71, 8181, 
6559.712, 8179, 
6559.714, 8178, 
6559.716, 8177, 
6559.718, 8176, 
6559.72, 8175, 
6559.722, 8173, 
6559.724, 8170, 
6559.726, 8168, 
6559.728, 8165, 
6559.73, 8162, 
6559.732, 8159, 
6559.734, 8156, 
6559.736, 8154, 
6559.738, 8150, 
6559.74, 8147, 
6559.742, 8143, 
6559.744, 8139, 
6559.746, 8137, 
6559.748, 8133, 
6559.75, 8129, 
6559.752, 8125, 
6559.754, 8122, 
6559.756, 8119, 
6559.758, 8116, 
6559.76, 8113, 
6559.762, 8110, 
6559.764, 8108, 
6559.766, 8106, 
6559.768, 8104, 
6559.77, 8101, 
6559.772, 8100, 
6559.774, 8099, 
6559.776, 8098, 
6559.778, 8097, 
6559.78, 8096, 
6559.782, 8096, 
6559.784, 8097, 
6559.786, 8097, 
6559.788, 8098, 
6559.79, 8099, 
6559.792, 8100, 
6559.794, 8102, 
6559.796, 8103, 
6559.798, 8104, 
6559.8, 8106, 
6559.802, 8107, 
6559.804, 8110, 
6559.806, 8112, 
6559.808, 8114, 
6559.81, 8115, 
6559.812, 8117, 
6559.814, 8120, 
6559.816, 8122, 
6559.818, 8124, 
6559.82, 8125, 
6559.822, 8128, 
6559.824, 8130, 
6559.826, 8132, 
6559.828, 8134, 
6559.83, 8135, 
6559.832, 8138, 
6559.834, 8140, 
6559.836, 8142, 
6559.838, 8144, 
6559.84, 8145, 
6559.842, 8147, 
6559.844, 8149, 
6559.846, 8150, 
6559.848, 8152, 
6559.85, 8153, 
6559.852, 8153, 
6559.854, 8154, 
6559.856, 8155, 
6559.858, 8156, 
6559.86, 8156, 
6559.862, 8157, 
6559.864, 8157, 
6559.866, 8156, 
6559.868, 8156, 
6559.87, 8156, 
6559.872, 8156, 
6559.874, 8155, 
6559.876, 8155, 
6559.878, 8155, 
6559.88, 8155, 
6559.882, 8154, 
6559.884, 8154, 
6559.886, 8153, 
6559.888, 8153, 
6559.89, 8152, 
6559.892, 8151, 
6559.894, 8151, 
6559.896, 8151, 
6559.898, 8150, 
6559.9, 8150, 
6559.902, 8149, 
6559.904, 8149, 
6559.906, 8148, 
6559.908, 8148, 
6559.91, 8147, 
6559.912, 8146, 
6559.914, 8146, 
6559.916, 8145, 
6559.918, 8144, 
6559.92, 8143, 
6559.922, 8142, 
6559.924, 8141, 
6559.926, 8140, 
6559.928, 8139, 
6559.93, 8137, 
6559.932, 8136, 
6559.934, 8135, 
6559.936, 8134, 
6559.938, 8133, 
6559.94, 8132, 
6559.942, 8131, 
6559.944, 8130, 
6559.946, 8129, 
6559.948, 8128, 
6559.95, 8126, 
6559.952, 8125, 
6559.954, 8124, 
6559.956, 8123, 
6559.958, 8122, 
6559.96, 8122, 
6559.962, 8121, 
6559.964, 8120, 
6559.966, 8119, 
6559.968, 8118, 
6559.97, 8118, 
6559.972, 8117, 
6559.974, 8116, 
6559.976, 8115, 
6559.978, 8115, 
6559.98, 8114, 
6559.982, 8113, 
6559.984, 8112, 
6559.986, 8112, 
6559.988, 8111, 
6559.99, 8110, 
6559.992, 8109, 
6559.994, 8108, 
6559.996, 8107, 
6559.998, 8106, 
6560.0, 8105, 
6560.002, 8103, 
6560.004, 8102, 
6560.006, 8101, 
6560.008, 8100, 
6560.01, 8099, 
6560.012, 8097, 
6560.014, 8096, 
6560.016, 8095, 
6560.018, 8093, 
6560.02, 8092, 
6560.022, 8091, 
6560.024, 8090, 
6560.026, 8089, 
6560.028, 8087, 
6560.03, 8085, 
6560.032, 8083, 
6560.034, 8082, 
6560.036, 8080, 
6560.038, 8078, 
6560.04, 8076, 
6560.042, 8074, 
6560.044, 8073, 
6560.046, 8071, 
6560.048, 8069, 
6560.05, 8067, 
6560.052, 8065, 
6560.054, 8064, 
6560.056, 8062, 
6560.058, 8061, 
6560.06, 8059, 
6560.062, 8058, 
6560.064, 8057, 
6560.066, 8056, 
6560.068, 8055, 
6560.07, 8054, 
6560.072, 8053, 
6560.074, 8052, 
6560.076, 8051, 
6560.078, 8051, 
6560.08, 8050, 
6560.082, 8049, 
6560.084, 8049, 
6560.086, 8048, 
6560.088, 8047, 
6560.09, 8047, 
6560.092, 8045, 
6560.094, 8044, 
6560.096, 8043, 
6560.098, 8041, 
6560.1, 8040, 
6560.102, 8038, 
6560.104, 8036, 
6560.106, 8034, 
6560.108, 8033, 
6560.11, 8031, 
6560.112, 8029, 
6560.114, 8027, 
6560.116, 8025, 
6560.118, 8023, 
6560.12, 8021, 
6560.122, 8019, 
6560.124, 8018, 
6560.126, 8016, 
6560.128, 8014, 
6560.13, 8011, 
6560.132, 8010, 
6560.134, 8008, 
6560.136, 8006, 
6560.138, 8003, 
6560.14, 8001, 
6560.142, 7998, 
6560.144, 7996, 
6560.146, 7992, 
6560.148, 7991, 
6560.15, 7988, 
6560.152, 7985, 
6560.154, 7981, 
6560.156, 7978, 
6560.158, 7976, 
6560.16, 7973, 
6560.162, 7970, 
6560.164, 7967, 
6560.166, 7963, 
6560.168, 7959, 
6560.17, 7957, 
6560.172, 7954, 
6560.174, 7950, 
6560.176, 7946, 
6560.178, 7943, 
6560.18, 7940, 
6560.182, 7936, 
6560.184, 7932, 
6560.186, 7928, 
6560.188, 7924, 
6560.19, 7920, 
6560.192, 7915, 
6560.194, 7912, 
6560.196, 7907, 
6560.198, 7903, 
6560.2, 7898, 
6560.202, 7895, 
6560.204, 7890, 
6560.206, 7886, 
6560.208, 7882, 
6560.21, 7879, 
6560.212, 7875, 
6560.214, 7871, 
6560.216, 7868, 
6560.218, 7866, 
6560.22, 7864, 
6560.222, 7861, 
6560.224, 7859, 
6560.226, 7857, 
6560.228, 7856, 
6560.23, 7854, 
6560.232, 7853, 
6560.234, 7852, 
6560.236, 7851, 
6560.238, 7851, 
6560.24, 7850, 
6560.242, 7850, 
6560.244, 7850, 
6560.246, 7849, 
6560.248, 7849, 
6560.25, 7849, 
6560.252, 7849, 
6560.254, 7849, 
6560.256, 7848, 
6560.258, 7848, 
6560.26, 7848, 
6560.262, 7849, 
6560.264, 7849, 
6560.266, 7849, 
6560.268, 7849, 
6560.27, 7850, 
6560.272, 7851, 
6560.274, 7851, 
6560.276, 7851, 
6560.278, 7851, 
6560.28, 7852, 
6560.282, 7853, 
6560.284, 7854, 
6560.286, 7855, 
6560.288, 7856, 
6560.29, 7857, 
6560.292, 7858, 
6560.294, 7860, 
6560.296, 7860, 
6560.298, 7861, 
6560.3, 7863, 
6560.302, 7865, 
6560.304, 7866, 
6560.306, 7868, 
6560.308, 7870, 
6560.31, 7871, 
6560.312, 7871, 
6560.314, 7872, 
6560.316, 7873, 
6560.318, 7874, 
6560.32, 7875, 
6560.322, 7875, 
6560.324, 7875, 
6560.326, 7876, 
6560.328, 7876, 
6560.33, 7875, 
6560.332, 7875, 
6560.334, 7874, 
6560.336, 7874, 
6560.338, 7873, 
6560.34, 7872, 
6560.342, 7871, 
6560.344, 7869, 
6560.346, 7868, 
6560.348, 7867, 
6560.35, 7865, 
6560.352, 7864, 
6560.354, 7862, 
6560.356, 7861, 
6560.358, 7859, 
6560.36, 7858, 
6560.362, 7857, 
6560.364, 7856, 
6560.366, 7855, 
6560.368, 7853, 
6560.37, 7851, 
6560.372, 7850, 
6560.374, 7848, 
6560.376, 7847, 
6560.378, 7845, 
6560.38, 7844, 
6560.382, 7842, 
6560.384, 7840, 
6560.386, 7839, 
6560.388, 7838, 
6560.39, 7836, 
6560.392, 7834, 
6560.394, 7832, 
6560.396, 7830, 
6560.398, 7827, 
6560.4, 7825, 
6560.402, 7823, 
6560.404, 7821, 
6560.406, 7818, 
6560.408, 7815, 
6560.41, 7812, 
6560.412, 7809, 
6560.414, 7805, 
6560.416, 7802, 
6560.418, 7798, 
6560.42, 7794, 
6560.422, 7790, 
6560.424, 7787, 
6560.426, 7782, 
6560.428, 7777, 
6560.43, 7773, 
6560.432, 7768, 
6560.434, 7762, 
6560.436, 7757, 
6560.438, 7751, 
6560.44, 7745, 
6560.442, 7739, 
6560.444, 7732, 
6560.446, 7725, 
6560.448, 7717, 
6560.45, 7709, 
6560.452, 7702, 
6560.454, 7694, 
6560.456, 7686, 
6560.458, 7676, 
6560.46, 7665, 
6560.462, 7652, 
6560.464, 7639, 
6560.466, 7626, 
6560.468, 7611, 
6560.47, 7596, 
6560.472, 7580, 
6560.474, 7564, 
6560.476, 7547, 
6560.478, 7531, 
6560.48, 7512, 
6560.482, 7492, 
6560.484, 7470, 
6560.486, 7448, 
6560.488, 7423, 
6560.49, 7398, 
6560.492, 7373, 
6560.494, 7349, 
6560.496, 7325, 
6560.498, 7302, 
6560.5, 7282, 
6560.502, 7261, 
6560.504, 7240, 
6560.506, 7221, 
6560.508, 7201, 
6560.51, 7181, 
6560.512, 7162, 
6560.514, 7142, 
6560.516, 7119, 
6560.518, 7099, 
6560.52, 7077, 
6560.522, 7057, 
6560.524, 7037, 
6560.526, 7017, 
6560.528, 6998, 
6560.53, 6978, 
6560.532, 6959, 
6560.534, 6938, 
6560.536, 6918, 
6560.538, 6897, 
6560.54, 6874, 
6560.542, 6851, 
6560.544, 6826, 
6560.546, 6803, 
6560.548, 6780, 
6560.55, 6759, 
6560.552, 6741, 
6560.554, 6724, 
6560.556, 6709, 
6560.558, 6694, 
6560.56, 6680, 
6560.562, 6667, 
6560.564, 6657, 
6560.566, 6652, 
6560.568, 6646, 
6560.57, 6643, 
6560.572, 6642, 
6560.574, 6643, 
6560.576, 6647, 
6560.578, 6654, 
6560.58, 6661, 
6560.582, 6671, 
6560.584, 6682, 
6560.586, 6695, 
6560.588, 6708, 
6560.59, 6721, 
6560.592, 6736, 
6560.594, 6754, 
6560.596, 6773, 
6560.598, 6793, 
6560.6, 6815, 
6560.602, 6840, 
6560.604, 6867, 
6560.606, 6893, 
6560.608, 6921, 
6560.61, 6950, 
6560.612, 6977, 
6560.614, 7004, 
6560.616, 7029, 
6560.618, 7055, 
6560.62, 7080, 
6560.622, 7105, 
6560.624, 7128, 
6560.626, 7151, 
6560.628, 7174, 
6560.63, 7196, 
6560.632, 7218, 
6560.634, 7240, 
6560.636, 7261, 
6560.638, 7281, 
6560.64, 7302, 
6560.642, 7320, 
6560.644, 7337, 
6560.646, 7352, 
6560.648, 7368, 
6560.65, 7383, 
6560.652, 7397, 
6560.654, 7410, 
6560.656, 7422, 
6560.658, 7434, 
6560.66, 7443, 
6560.662, 7452, 
6560.664, 7459, 
6560.666, 7466, 
6560.668, 7475, 
6560.67, 7482, 
6560.672, 7488, 
6560.674, 7495, 
6560.676, 7501, 
6560.678, 7507, 
6560.68, 7513, 
6560.682, 7517, 
6560.684, 7522, 
6560.686, 7526, 
6560.688, 7530, 
6560.69, 7534, 
6560.692, 7538, 
6560.694, 7540, 
6560.696, 7543, 
6560.698, 7546, 
6560.7, 7549, 
6560.702, 7551, 
6560.704, 7553, 
6560.706, 7556, 
6560.708, 7558, 
6560.71, 7561, 
6560.712, 7562, 
6560.714, 7564, 
6560.716, 7567, 
6560.718, 7569, 
6560.72, 7571, 
6560.722, 7572, 
6560.724, 7574, 
6560.726, 7577, 
6560.728, 7580, 
6560.73, 7582, 
6560.732, 7583, 
6560.734, 7585, 
6560.736, 7588, 
6560.738, 7590, 
6560.74, 7592, 
6560.742, 7594, 
6560.744, 7595, 
6560.746, 7596, 
6560.748, 7598, 
6560.75, 7600, 
6560.752, 7601, 
6560.754, 7602, 
6560.756, 7603, 
6560.758, 7603, 
6560.76, 7604, 
6560.762, 7604, 
6560.764, 7605, 
6560.766, 7605, 
6560.768, 7606, 
6560.77, 7607, 
6560.772, 7607, 
6560.774, 7607, 
6560.776, 7607, 
6560.778, 7607, 
6560.78, 7608, 
6560.782, 7608, 
6560.784, 7608, 
6560.786, 7609, 
6560.788, 7609, 
6560.79, 7608, 
6560.792, 7608, 
6560.794, 7608, 
6560.796, 7608, 
6560.798, 7607, 
6560.8, 7607, 
6560.802, 7606, 
6560.804, 7606, 
6560.806, 7605, 
6560.808, 7605, 
6560.81, 7604, 
6560.812, 7603, 
6560.814, 7602, 
6560.816, 7601, 
6560.818, 7600, 
6560.82, 7598, 
6560.822, 7597, 
6560.824, 7596, 
6560.826, 7595, 
6560.828, 7593, 
6560.83, 7591, 
6560.832, 7590, 
6560.834, 7588, 
6560.836, 7587, 
6560.838, 7585, 
6560.84, 7583, 
6560.842, 7581, 
6560.844, 7580, 
6560.846, 7578, 
6560.848, 7576, 
6560.85, 7575, 
6560.852, 7573, 
6560.854, 7572, 
6560.856, 7570, 
6560.858, 7569, 
6560.86, 7568, 
6560.862, 7567, 
6560.864, 7566, 
6560.866, 7566, 
6560.868, 7565, 
6560.87, 7564, 
6560.872, 7564, 
6560.874, 7563, 
6560.876, 7562, 
6560.878, 7561, 
6560.88, 7561, 
6560.882, 7560, 
6560.884, 7559, 
6560.886, 7558, 
6560.888, 7557, 
6560.89, 7556, 
6560.892, 7555, 
6560.894, 7553, 
6560.896, 7552, 
6560.898, 7551, 
6560.9, 7549, 
6560.902, 7548, 
6560.904, 7547, 
6560.906, 7545, 
6560.908, 7544, 
6560.91, 7543, 
6560.912, 7542, 
6560.914, 7540, 
6560.916, 7539, 
6560.918, 7537, 
6560.92, 7535, 
6560.922, 7533, 
6560.924, 7531, 
6560.926, 7530, 
6560.928, 7528, 
6560.93, 7527, 
6560.932, 7525, 
6560.934, 7524, 
6560.936, 7522, 
6560.938, 7521, 
6560.94, 7519, 
6560.942, 7517, 
6560.944, 7516, 
6560.946, 7514, 
6560.948, 7513, 
6560.95, 7511, 
6560.952, 7510, 
6560.954, 7508, 
6560.956, 7506, 
6560.958, 7506, 
6560.96, 7504, 
6560.962, 7503, 
6560.964, 7501, 
6560.966, 7499, 
6560.968, 7498, 
6560.97, 7496, 
6560.972, 7495, 
6560.974, 7494, 
6560.976, 7492, 
6560.978, 7491, 
6560.98, 7489, 
6560.982, 7488, 
6560.984, 7487, 
6560.986, 7485, 
6560.988, 7483, 
6560.99, 7482, 
6560.992, 7480, 
6560.994, 7478, 
6560.996, 7477, 
6560.998, 7475, 
6561.0, 7473, 
6561.002, 7471, 
6561.004, 7470, 
6561.006, 7468, 
6561.008, 7466, 
6561.01, 7464, 
6561.012, 7462, 
6561.014, 7460, 
6561.016, 7458, 
6561.018, 7456, 
6561.02, 7454, 
6561.022, 7452, 
6561.024, 7450, 
6561.026, 7448, 
6561.028, 7446, 
6561.03, 7443, 
6561.032, 7441, 
6561.034, 7439, 
6561.036, 7437, 
6561.038, 7434, 
6561.04, 7431, 
6561.042, 7429, 
6561.044, 7426, 
6561.046, 7424, 
6561.048, 7422, 
6561.05, 7419, 
6561.052, 7415, 
6561.054, 7412, 
6561.056, 7409, 
6561.058, 7407, 
6561.06, 7403, 
6561.062, 7399, 
6561.064, 7395, 
6561.066, 7392, 
6561.068, 7388, 
6561.07, 7383, 
6561.072, 7380, 
6561.074, 7375, 
6561.076, 7370, 
6561.078, 7366, 
6561.08, 7360, 
6561.082, 7355, 
6561.084, 7351, 
6561.086, 7345, 
6561.088, 7339, 
6561.09, 7335, 
6561.092, 7329, 
6561.094, 7324, 
6561.096, 7320, 
6561.098, 7315, 
6561.1, 7310, 
6561.102, 7307, 
6561.104, 7304, 
6561.106, 7301, 
6561.108, 7298, 
6561.11, 7296, 
6561.112, 7295, 
6561.114, 7294, 
6561.116, 7293, 
6561.118, 7293, 
6561.12, 7293, 
6561.122, 7293, 
6561.124, 7294, 
6561.126, 7295, 
6561.128, 7296, 
6561.13, 7297, 
6561.132, 7299, 
6561.134, 7301, 
6561.136, 7303, 
6561.138, 7305, 
6561.14, 7306, 
6561.142, 7308, 
6561.144, 7310, 
6561.146, 7311, 
6561.148, 7313, 
6561.15, 7314, 
6561.152, 7316, 
6561.154, 7317, 
6561.156, 7317, 
6561.158, 7317, 
6561.16, 7318, 
6561.162, 7318, 
6561.164, 7318, 
6561.166, 7317, 
6561.168, 7317, 
6561.17, 7318, 
6561.172, 7317, 
6561.174, 7316, 
6561.176, 7316, 
6561.178, 7315, 
6561.18, 7314, 
6561.182, 7313, 
6561.184, 7313, 
6561.186, 7311, 
6561.188, 7310, 
6561.19, 7309, 
6561.192, 7307, 
6561.194, 7306, 
6561.196, 7304, 
6561.198, 7303, 
6561.2, 7302, 
6561.202, 7300, 
6561.204, 7299, 
6561.206, 7298, 
6561.208, 7296, 
6561.21, 7296, 
6561.212, 7295, 
6561.214, 7293, 
6561.216, 7292, 
6561.218, 7290, 
6561.22, 7288, 
6561.222, 7286, 
6561.224, 7285, 
6561.226, 7283, 
6561.228, 7281, 
6561.23, 7280, 
6561.232, 7277, 
6561.234, 7275, 
6561.236, 7272, 
6561.238, 7269, 
6561.24, 7267, 
6561.242, 7265, 
6561.244, 7263, 
6561.246, 7261, 
6561.248, 7258, 
6561.25, 7255, 
6561.252, 7253, 
6561.254, 7251, 
6561.256, 7249, 
6561.258, 7246, 
6561.26, 7244, 
6561.262, 7242, 
6561.264, 7239, 
6561.266, 7237, 
6561.268, 7235, 
6561.27, 7233, 
6561.272, 7231, 
6561.274, 7229, 
6561.276, 7227, 
6561.278, 7225, 
6561.28, 7223, 
6561.282, 7221, 
6561.284, 7220, 
6561.286, 7217, 
6561.288, 7215, 
6561.29, 7213, 
6561.292, 7211, 
6561.294, 7209, 
6561.296, 7207, 
6561.298, 7205, 
6561.3, 7204, 
6561.302, 7201, 
6561.304, 7199, 
6561.306, 7197, 
6561.308, 7195, 
6561.31, 7193, 
6561.312, 7190, 
6561.314, 7189, 
6561.316, 7187, 
6561.318, 7185, 
6561.32, 7182, 
6561.322, 7180, 
6561.324, 7178, 
6561.326, 7177, 
6561.328, 7175, 
6561.33, 7174, 
6561.332, 7172, 
6561.334, 7170, 
6561.336, 7168, 
6561.338, 7167, 
6561.34, 7165, 
6561.342, 7163, 
6561.344, 7162, 
6561.346, 7160, 
6561.348, 7159, 
6561.35, 7157, 
6561.352, 7155, 
6561.354, 7153, 
6561.356, 7151, 
6561.358, 7148, 
6561.36, 7146, 
6561.362, 7144, 
6561.364, 7142, 
6561.366, 7140, 
6561.368, 7138, 
6561.37, 7135, 
6561.372, 7133, 
6561.374, 7131, 
6561.376, 7129, 
6561.378, 7127, 
6561.38, 7124, 
6561.382, 7122, 
6561.384, 7120, 
6561.386, 7118, 
6561.388, 7116, 
6561.39, 7114, 
6561.392, 7113, 
6561.394, 7111, 
6561.396, 7109, 
6561.398, 7107, 
6561.4, 7105, 
6561.402, 7104, 
6561.404, 7102, 
6561.406, 7100, 
6561.408, 7098, 
6561.41, 7097, 
6561.412, 7095, 
6561.414, 7093, 
6561.416, 7091, 
6561.418, 7089, 
6561.42, 7087, 
6561.422, 7084, 
6561.424, 7083, 
6561.426, 7081, 
6561.428, 7078, 
6561.43, 7076, 
6561.432, 7074, 
6561.434, 7071, 
6561.436, 7068, 
6561.438, 7067, 
6561.44, 7064, 
6561.442, 7061, 
6561.444, 7059, 
6561.446, 7056, 
6561.448, 7053, 
6561.45, 7052, 
6561.452, 7049, 
6561.454, 7046, 
6561.456, 7044, 
6561.458, 7041, 
6561.46, 7039, 
6561.462, 7037, 
6561.464, 7034, 
6561.466, 7032, 
6561.468, 7029, 
6561.47, 7027, 
6561.472, 7024, 
6561.474, 7022, 
6561.476, 7020, 
6561.478, 7017, 
6561.48, 7014, 
6561.482, 7012, 
6561.484, 7009, 
6561.486, 7007, 
6561.488, 7005, 
6561.49, 7003, 
6561.492, 7000, 
6561.494, 6998, 
6561.496, 6995, 
6561.498, 6994, 
6561.5, 6991, 
6561.502, 6989, 
6561.504, 6987, 
6561.506, 6985, 
6561.508, 6983, 
6561.51, 6981, 
6561.512, 6979, 
6561.514, 6977, 
6561.516, 6975, 
6561.518, 6972, 
6561.52, 6970, 
6561.522, 6967, 
6561.524, 6965, 
6561.526, 6964, 
6561.528, 6961, 
6561.53, 6959, 
6561.532, 6956, 
6561.534, 6953, 
6561.536, 6951, 
6561.538, 6949, 
6561.54, 6946, 
6561.542, 6943, 
6561.544, 6940, 
6561.546, 6937, 
6561.548, 6935, 
6561.55, 6933, 
6561.552, 6930, 
6561.554, 6928, 
6561.556, 6925, 
6561.558, 6922, 
6561.56, 6921, 
6561.562, 6918, 
6561.564, 6916, 
6561.566, 6914, 
6561.568, 6911, 
6561.57, 6908, 
6561.572, 6906, 
6561.574, 6904, 
6561.576, 6901, 
6561.578, 6899, 
6561.58, 6896, 
6561.582, 6893, 
6561.584, 6891, 
6561.586, 6889, 
6561.588, 6885, 
6561.59, 6882, 
6561.592, 6879, 
6561.594, 6877, 
6561.596, 6875, 
6561.598, 6871, 
6561.6, 6868, 
6561.602, 6865, 
6561.604, 6863, 
6561.606, 6859, 
6561.608, 6856, 
6561.61, 6853, 
6561.612, 6850, 
6561.614, 6848, 
6561.616, 6844, 
6561.618, 6841, 
6561.62, 6838, 
6561.622, 6835, 
6561.624, 6833, 
6561.626, 6830, 
6561.628, 6827, 
6561.63, 6824, 
6561.632, 6821, 
6561.634, 6819, 
6561.636, 6816, 
6561.638, 6813, 
6561.64, 6810, 
6561.642, 6807, 
6561.644, 6805, 
6561.646, 6803, 
6561.648, 6800, 
6561.65, 6797, 
6561.652, 6795, 
6561.654, 6792, 
6561.656, 6790, 
6561.658, 6788, 
6561.66, 6785, 
6561.662, 6782, 
6561.664, 6780, 
6561.666, 6777, 
6561.668, 6774, 
6561.67, 6772, 
6561.672, 6769, 
6561.674, 6766, 
6561.676, 6762, 
6561.678, 6760, 
6561.68, 6757, 
6561.682, 6754, 
6561.684, 6750, 
6561.686, 6748, 
6561.688, 6744, 
6561.69, 6740, 
6561.692, 6736, 
6561.694, 6734, 
6561.696, 6730, 
6561.698, 6726, 
6561.7, 6722, 
6561.702, 6719, 
6561.704, 6715, 
6561.706, 6711, 
6561.708, 6708, 
6561.71, 6705, 
6561.712, 6701, 
6561.714, 6697, 
6561.716, 6694, 
6561.718, 6691, 
6561.72, 6687, 
6561.722, 6684, 
6561.724, 6681, 
6561.726, 6678, 
6561.728, 6676, 
6561.73, 6672, 
6561.732, 6669, 
6561.734, 6666, 
6561.736, 6663, 
6561.738, 6660, 
6561.74, 6657, 
6561.742, 6654, 
6561.744, 6651, 
6561.746, 6649, 
6561.748, 6645, 
6561.75, 6642, 
6561.752, 6639, 
6561.754, 6636, 
6561.756, 6634, 
6561.758, 6630, 
6561.76, 6627, 
6561.762, 6623, 
6561.764, 6621, 
6561.766, 6618, 
6561.768, 6614, 
6561.77, 6610, 
6561.772, 6607, 
6561.774, 6604, 
6561.776, 6601, 
6561.778, 6598, 
6561.78, 6594, 
6561.782, 6591, 
6561.784, 6587, 
6561.786, 6584, 
6561.788, 6581, 
6561.79, 6578, 
6561.792, 6574, 
6561.794, 6571, 
6561.796, 6567, 
6561.798, 6564, 
6561.8, 6560, 
6561.802, 6557, 
6561.804, 6554, 
6561.806, 6550, 
6561.808, 6546, 
6561.81, 6542, 
6561.812, 6539, 
6561.814, 6536, 
6561.816, 6532, 
6561.818, 6528, 
6561.82, 6524, 
6561.822, 6520, 
6561.824, 6516, 
6561.826, 6512, 
6561.828, 6508, 
6561.83, 6504, 
6561.832, 6500, 
6561.834, 6495, 
6561.836, 6491, 
6561.838, 6487, 
6561.84, 6482, 
6561.842, 6479, 
6561.844, 6474, 
6561.846, 6469, 
6561.848, 6466, 
6561.85, 6461, 
6561.852, 6456, 
6561.854, 6453, 
6561.856, 6448, 
6561.858, 6444, 
6561.86, 6440, 
6561.862, 6437, 
6561.864, 6433, 
6561.866, 6428, 
6561.868, 6425, 
6561.87, 6421, 
6561.872, 6417, 
6561.874, 6413, 
6561.876, 6410, 
6561.878, 6405, 
6561.88, 6400, 
6561.882, 6397, 
6561.884, 6392, 
6561.886, 6387, 
6561.888, 6384, 
6561.89, 6380, 
6561.892, 6375, 
6561.894, 6370, 
6561.896, 6365, 
6561.898, 6360, 
6561.9, 6356, 
6561.902, 6352, 
6561.904, 6347, 
6561.906, 6343, 
6561.908, 6339, 
6561.91, 6335, 
6561.912, 6330, 
6561.914, 6327, 
6561.916, 6323, 
6561.918, 6318, 
6561.92, 6315, 
6561.922, 6311, 
6561.924, 6306, 
6561.926, 6302, 
6561.928, 6299, 
6561.93, 6294, 
6561.932, 6289, 
6561.934, 6285, 
6561.936, 6280, 
6561.938, 6275, 
6561.94, 6271, 
6561.942, 6265, 
6561.944, 6260, 
6561.946, 6256, 
6561.948, 6250, 
6561.95, 6245, 
6561.952, 6239, 
6561.954, 6233, 
6561.956, 6228, 
6561.958, 6222, 
6561.96, 6217, 
6561.962, 6211, 
6561.964, 6206, 
6561.966, 6200, 
6561.968, 6194, 
6561.97, 6189, 
6561.972, 6183, 
6561.974, 6178, 
6561.976, 6171, 
6561.978, 6165, 
6561.98, 6160, 
6561.982, 6154, 
6561.984, 6147, 
6561.986, 6141, 
6561.988, 6135, 
6561.99, 6128, 
6561.992, 6123, 
6561.994, 6116, 
6561.996, 6111, 
6561.998, 6104, 
6562.0, 6098, 
6562.002, 6092, 
6562.004, 6086, 
6562.006, 6080, 
6562.008, 6073, 
6562.01, 6067, 
6562.012, 6061, 
6562.014, 6056, 
6562.016, 6050, 
6562.018, 6044, 
6562.02, 6038, 
6562.022, 6032, 
6562.024, 6025, 
6562.026, 6019, 
6562.028, 6014, 
6562.03, 6007, 
6562.032, 6001, 
6562.034, 5994, 
6562.036, 5989, 
6562.038, 5982, 
6562.04, 5975, 
6562.042, 5967, 
6562.044, 5961, 
6562.046, 5953, 
6562.048, 5946, 
6562.05, 5939, 
6562.052, 5931, 
6562.054, 5924, 
6562.056, 5915, 
6562.058, 5906, 
6562.06, 5898, 
6562.062, 5889, 
6562.064, 5881, 
6562.066, 5872, 
6562.068, 5862, 
6562.07, 5852, 
6562.072, 5842, 
6562.074, 5832, 
6562.076, 5821, 
6562.078, 5810, 
6562.08, 5799, 
6562.082, 5789, 
6562.084, 5779, 
6562.086, 5768, 
6562.088, 5758, 
6562.09, 5749, 
6562.092, 5739, 
6562.094, 5729, 
6562.096, 5720, 
6562.098, 5711, 
6562.1, 5701, 
6562.102, 5690, 
6562.104, 5682, 
6562.106, 5672, 
6562.108, 5662, 
6562.11, 5651, 
6562.112, 5642, 
6562.114, 5632, 
6562.116, 5621, 
6562.118, 5610, 
6562.12, 5598, 
6562.122, 5586, 
6562.124, 5574, 
6562.126, 5562, 
6562.128, 5548, 
6562.13, 5536, 
6562.132, 5523, 
6562.134, 5510, 
6562.136, 5497, 
6562.138, 5484, 
6562.14, 5471, 
6562.142, 5459, 
6562.144, 5446, 
6562.146, 5433, 
6562.148, 5420, 
6562.15, 5406, 
6562.152, 5392, 
6562.154, 5379, 
6562.156, 5366, 
6562.158, 5352, 
6562.16, 5337, 
6562.162, 5323, 
6562.164, 5309, 
6562.166, 5295, 
6562.168, 5281, 
6562.17, 5267, 
6562.172, 5253, 
6562.174, 5237, 
6562.176, 5223, 
6562.178, 5209, 
6562.18, 5194, 
6562.182, 5179, 
6562.184, 5163, 
6562.186, 5148, 
6562.188, 5130, 
6562.19, 5113, 
6562.192, 5094, 
6562.194, 5075, 
6562.196, 5057, 
6562.198, 5037, 
6562.2, 5019, 
6562.202, 4999, 
6562.204, 4981, 
6562.206, 4962, 
6562.208, 4944, 
6562.21, 4927, 
6562.212, 4909, 
6562.214, 4892, 
6562.216, 4876, 
6562.218, 4858, 
6562.22, 4840, 
6562.222, 4824, 
6562.224, 4807, 
6562.226, 4789, 
6562.228, 4770, 
6562.23, 4750, 
6562.232, 4730, 
6562.234, 4708, 
6562.236, 4686, 
6562.238, 4664, 
6562.24, 4643, 
6562.242, 4620, 
6562.244, 4598, 
6562.246, 4578, 
6562.248, 4557, 
6562.25, 4537, 
6562.252, 4516, 
6562.254, 4497, 
6562.256, 4476, 
6562.258, 4458, 
6562.26, 4436, 
6562.262, 4415, 
6562.264, 4392, 
6562.266, 4369, 
6562.268, 4344, 
6562.27, 4320, 
6562.272, 4297, 
6562.274, 4274, 
6562.276, 4251, 
6562.278, 4228, 
6562.28, 4206, 
6562.282, 4185, 
6562.284, 4162, 
6562.286, 4140, 
6562.288, 4118, 
6562.29, 4095, 
6562.292, 4074, 
6562.294, 4053, 
6562.296, 4031, 
6562.298, 4009, 
6562.3, 3987, 
6562.302, 3965, 
6562.304, 3942, 
6562.306, 3918, 
6562.308, 3894, 
6562.31, 3869, 
6562.312, 3845, 
6562.314, 3821, 
6562.316, 3797, 
6562.318, 3775, 
6562.32, 3752, 
6562.322, 3729, 
6562.324, 3706, 
6562.326, 3684, 
6562.328, 3662, 
6562.33, 3639, 
6562.332, 3617, 
6562.334, 3596, 
6562.336, 3574, 
6562.338, 3554, 
6562.34, 3533, 
6562.342, 3511, 
6562.344, 3490, 
6562.346, 3468, 
6562.348, 3446, 
6562.35, 3425, 
6562.352, 3404, 
6562.354, 3381, 
6562.356, 3360, 
6562.358, 3338, 
6562.36, 3317, 
6562.362, 3296, 
6562.364, 3275, 
6562.366, 3255, 
6562.368, 3236, 
6562.37, 3217, 
6562.372, 3196, 
6562.374, 3175, 
6562.376, 3155, 
6562.378, 3133, 
6562.38, 3112, 
6562.382, 3092, 
6562.384, 3073, 
6562.386, 3053, 
6562.388, 3034, 
6562.39, 3016, 
6562.392, 2998, 
6562.394, 2980, 
6562.396, 2962, 
6562.398, 2946, 
6562.4, 2929, 
6562.402, 2912, 
6562.404, 2896, 
6562.406, 2878, 
6562.408, 2860, 
6562.41, 2843, 
6562.412, 2825, 
6562.414, 2807, 
6562.416, 2791, 
6562.418, 2774, 
6562.42, 2758, 
6562.422, 2741, 
6562.424, 2725, 
6562.426, 2708, 
6562.428, 2692, 
6562.43, 2676, 
6562.432, 2662, 
6562.434, 2646, 
6562.436, 2630, 
6562.438, 2616, 
6562.44, 2601, 
6562.442, 2586, 
6562.444, 2571, 
6562.446, 2557, 
6562.448, 2543, 
6562.45, 2529, 
6562.452, 2514, 
6562.454, 2501, 
6562.456, 2487, 
6562.458, 2474, 
6562.46, 2461, 
6562.462, 2449, 
6562.464, 2436, 
6562.466, 2424, 
6562.468, 2413, 
6562.47, 2401, 
6562.472, 2389, 
6562.474, 2377, 
6562.476, 2366, 
6562.478, 2355, 
6562.48, 2344, 
6562.482, 2333, 
6562.484, 2323, 
6562.486, 2313, 
6562.488, 2303, 
6562.49, 2292, 
6562.492, 2282, 
6562.494, 2272, 
6562.496, 2262, 
6562.498, 2252, 
6562.5, 2243, 
6562.502, 2233, 
6562.504, 2223, 
6562.506, 2214, 
6562.508, 2204, 
6562.51, 2194, 
6562.512, 2184, 
6562.514, 2175, 
6562.516, 2165, 
6562.518, 2156, 
6562.52, 2148, 
6562.522, 2138, 
6562.524, 2129, 
6562.526, 2121, 
6562.528, 2112, 
6562.53, 2103, 
6562.532, 2095, 
6562.534, 2088, 
6562.536, 2078, 
6562.538, 2070, 
6562.54, 2063, 
6562.542, 2054, 
6562.544, 2047, 
6562.546, 2038, 
6562.548, 2031, 
6562.55, 2023, 
6562.552, 2015, 
6562.554, 2008, 
6562.556, 2000, 
6562.558, 1994, 
6562.56, 1986, 
6562.562, 1981, 
6562.564, 1974, 
6562.566, 1967, 
6562.568, 1961, 
6562.57, 1955, 
6562.572, 1948, 
6562.574, 1942, 
6562.576, 1936, 
6562.578, 1930, 
6562.58, 1924, 
6562.582, 1918, 
6562.584, 1912, 
6562.586, 1906, 
6562.588, 1899, 
6562.59, 1894, 
6562.592, 1888, 
6562.594, 1882, 
6562.596, 1877, 
6562.598, 1871, 
6562.6, 1866, 
6562.602, 1860, 
6562.604, 1855, 
6562.606, 1849, 
6562.608, 1843, 
6562.61, 1839, 
6562.612, 1833, 
6562.614, 1829, 
6562.616, 1824, 
6562.618, 1819, 
6562.62, 1814, 
6562.622, 1809, 
6562.624, 1805, 
6562.626, 1802, 
6562.628, 1797, 
6562.63, 1792, 
6562.632, 1789, 
6562.634, 1784, 
6562.636, 1780, 
6562.638, 1777, 
6562.64, 1773, 
6562.642, 1769, 
6562.644, 1765, 
6562.646, 1762, 
6562.648, 1758, 
6562.65, 1755, 
6562.652, 1752, 
6562.654, 1748, 
6562.656, 1744, 
6562.658, 1740, 
6562.66, 1738, 
6562.662, 1734, 
6562.664, 1730, 
6562.666, 1727, 
6562.668, 1724, 
6562.67, 1720, 
6562.672, 1717, 
6562.674, 1713, 
6562.676, 1711, 
6562.678, 1707, 
6562.68, 1704, 
6562.682, 1701, 
6562.684, 1699, 
6562.686, 1695, 
6562.688, 1692, 
6562.69, 1689, 
6562.692, 1687, 
6562.694, 1684, 
6562.696, 1680, 
6562.698, 1677, 
6562.7, 1674, 
6562.702, 1672, 
6562.704, 1669, 
6562.706, 1667, 
6562.708, 1664, 
6562.71, 1661, 
6562.712, 1660, 
6562.714, 1658, 
6562.716, 1655, 
6562.718, 1652, 
6562.72, 1650, 
6562.722, 1648, 
6562.724, 1647, 
6562.726, 1644, 
6562.728, 1642, 
6562.73, 1640, 
6562.732, 1638, 
6562.734, 1636, 
6562.736, 1635, 
6562.738, 1633, 
6562.74, 1631, 
6562.742, 1630, 
6562.744, 1628, 
6562.746, 1626, 
6562.748, 1624, 
6562.75, 1623, 
6562.752, 1623, 
6562.754, 1621, 
6562.756, 1620, 
6562.758, 1619, 
6562.76, 1618, 
6562.762, 1617, 
6562.764, 1616, 
6562.766, 1615, 
6562.768, 1614, 
6562.77, 1613, 
6562.772, 1613, 
6562.774, 1611, 
6562.776, 1611, 
6562.778, 1610, 
6562.78, 1610, 
6562.782, 1610, 
6562.784, 1610, 
6562.786, 1609, 
6562.788, 1609, 
6562.79, 1609, 
6562.792, 1608, 
6562.794, 1608, 
6562.796, 1608, 
6562.798, 1607, 
6562.8, 1606, 
6562.802, 1606, 
6562.804, 1606, 
6562.806, 1605, 
6562.808, 1605, 
6562.81, 1605, Hα  C 
6562.812, 1605, 
6562.814, 1605, 
6562.816, 1604, 
6562.818, 1604, 
6562.82, 1604, 
6562.822, 1604, 
6562.824, 1604, 
6562.826, 1604, 
6562.828, 1604, 
6562.83, 1604, 
6562.832, 1604, 
6562.834, 1604, 
6562.836, 1604, 
6562.838, 1604, 
6562.84, 1605, 
6562.842, 1605, 
6562.844, 1606, 
6562.846, 1606, 
6562.848, 1606, 
6562.85, 1607, 
6562.852, 1607, 
6562.854, 1608, 
6562.856, 1609, 
6562.858, 1610, 
6562.86, 1610, 
6562.862, 1610, 
6562.864, 1611, 
6562.866, 1613, 
6562.868, 1614, 
6562.87, 1615, 
6562.872, 1616, 
6562.874, 1617, 
6562.876, 1619, 
6562.878, 1620, 
6562.88, 1621, 
6562.882, 1622, 
6562.884, 1623, 
6562.886, 1624, 
6562.888, 1626, 
6562.89, 1628, 
6562.892, 1629, 
6562.894, 1631, 
6562.896, 1633, 
6562.898, 1635, 
6562.9, 1636, 
6562.902, 1638, 
6562.904, 1640, 
6562.906, 1643, 
6562.908, 1645, 
6562.91, 1646, 
6562.912, 1648, 
6562.914, 1649, 
6562.916, 1652, 
6562.918, 1654, 
6562.92, 1657, 
6562.922, 1659, 
6562.924, 1662, 
6562.926, 1663, 
6562.928, 1666, 
6562.93, 1669, 
6562.932, 1672, 
6562.934, 1674, 
6562.936, 1676, 
6562.938, 1678, 
6562.94, 1681, 
6562.942, 1684, 
6562.944, 1687, 
6562.946, 1690, 
6562.948, 1693, 
6562.95, 1696, 
6562.952, 1700, 
6562.954, 1701, 
6562.956, 1704, 
6562.958, 1708, 
6562.96, 1711, 
6562.962, 1713, 
6562.964, 1717, 
6562.966, 1720, 
6562.968, 1724, 
6562.97, 1727, 
6562.972, 1731, 
6562.974, 1733, 
6562.976, 1737, 
6562.978, 1740, 
6562.98, 1744, 
6562.982, 1748, 
6562.984, 1752, 
6562.986, 1756, 
6562.988, 1760, 
6562.99, 1764, 
6562.992, 1767, 
6562.994, 1772, 
6562.996, 1777, 
6562.998, 1780, 
6563.0, 1786, 
6563.002, 1791, 
6563.004, 1795, 
6563.006, 1800, 
6563.008, 1805, 
6563.01, 1810, 
6563.012, 1815, 
6563.014, 1820, 
6563.016, 1826, 
6563.018, 1831, 
6563.02, 1837, 
6563.022, 1842, 
6563.024, 1847, 
6563.026, 1853, 
6563.028, 1858, 
6563.03, 1864, 
6563.032, 1870, 
6563.034, 1876, 
6563.036, 1881, 
6563.038, 1888, 
6563.04, 1894, 
6563.042, 1900, 
6563.044, 1907, 
6563.046, 1913, 
6563.048, 1919, 
6563.05, 1925, 
6563.052, 1933, 
6563.054, 1939, 
6563.056, 1945, 
6563.058, 1951, 
6563.06, 1959, 
6563.062, 1966, 
6563.064, 1972, 
6563.066, 1979, 
6563.068, 1986, 
6563.07, 1994, 
6563.072, 2002, 
6563.074, 2010, 
6563.076, 2018, 
6563.078, 2025, 
6563.08, 2034, 
6563.082, 2041, 
6563.084, 2049, 
6563.086, 2058, 
6563.088, 2066, 
6563.09, 2075, 
6563.092, 2083, 
6563.094, 2091, 
6563.096, 2100, 
6563.098, 2109, 
6563.1, 2117, 
6563.102, 2126, 
6563.104, 2134, 
6563.106, 2142, 
6563.108, 2152, 
6563.11, 2161, 
6563.112, 2170, 
6563.114, 2180, 
6563.116, 2191, 
6563.118, 2201, 
6563.12, 2211, 
6563.122, 2221, 
6563.124, 2232, 
6563.126, 2243, 
6563.128, 2255, 
6563.13, 2266, 
6563.132, 2277, 
6563.134, 2288, 
6563.136, 2300, 
6563.138, 2310, 
6563.14, 2321, 
6563.142, 2334, 
6563.144, 2345, 
6563.146, 2357, 
6563.148, 2369, 
6563.15, 2382, 
6563.152, 2394, 
6563.154, 2407, 
6563.156, 2420, 
6563.158, 2433, 
6563.16, 2448, 
6563.162, 2462, 
6563.164, 2476, 
6563.166, 2490, 
6563.168, 2506, 
6563.17, 2521, 
6563.172, 2536, 
6563.174, 2551, 
6563.176, 2565, 
6563.178, 2580, 
6563.18, 2596, 
6563.182, 2612, 
6563.184, 2628, 
6563.186, 2644, 
6563.188, 2659, 
6563.19, 2676, 
6563.192, 2692, 
6563.194, 2709, 
6563.196, 2726, 
6563.198, 2742, 
6563.2, 2760, 
6563.202, 2777, 
6563.204, 2795, 
6563.206, 2812, 
6563.208, 2830, 
6563.21, 2849, 
6563.212, 2867, 
6563.214, 2887, 
6563.216, 2905, 
6563.218, 2923, 
6563.22, 2942, 
6563.222, 2960, 
6563.224, 2978, 
6563.226, 2995, 
6563.228, 3015, 
6563.23, 3034, 
6563.232, 3055, 
6563.234, 3075, 
6563.236, 3096, 
6563.238, 3117, 
6563.24, 3138, 
6563.242, 3160, 
6563.244, 3179, 
6563.246, 3201, 
6563.248, 3221, 
6563.25, 3241, 
6563.252, 3261, 
6563.254, 3282, 
6563.256, 3304, 
6563.258, 3324, 
6563.26, 3346, 
6563.262, 3368, 
6563.264, 3392, 
6563.266, 3415, 
6563.268, 3438, 
6563.27, 3459, 
6563.272, 3481, 
6563.274, 3502, 
6563.276, 3524, 
6563.278, 3544, 
6563.28, 3565, 
6563.282, 3587, 
6563.284, 3609, 
6563.286, 3630, 
6563.288, 3652, 
6563.29, 3674, 
6563.292, 3696, 
6563.294, 3719, 
6563.296, 3741, 
6563.298, 3765, 
6563.3, 3788, 
6563.302, 3812, 
6563.304, 3835, 
6563.306, 3858, 
6563.308, 3880, 
6563.31, 3902, 
6563.312, 3923, 
6563.314, 3943, 
6563.316, 3964, 
6563.318, 3984, 
6563.32, 4004, 
6563.322, 4025, 
6563.324, 4046, 
6563.326, 4066, 
6563.328, 4086, 
6563.33, 4108, 
6563.332, 4128, 
6563.334, 4149, 
6563.336, 4169, 
6563.338, 4188, 
6563.34, 4208, 
6563.342, 4227, 
6563.344, 4246, 
6563.346, 4263, 
6563.348, 4280, 
6563.35, 4296, 
6563.352, 4313, 
6563.354, 4329, 
6563.356, 4346, 
6563.358, 4363, 
6563.36, 4380, 
6563.362, 4396, 
6563.364, 4413, 
6563.366, 4431, 
6563.368, 4447, 
6563.37, 4464, 
6563.372, 4481, 
6563.374, 4497, 
6563.376, 4513, 
6563.378, 4529, 
6563.38, 4546, 
6563.382, 4561, 
6563.384, 4576, 
6563.386, 4593, 
6563.388, 4609, 
6563.39, 4625, 
6563.392, 4639, 
6563.394, 4656, 
6563.396, 4673, 
6563.398, 4690, 
6563.4, 4707, 
6563.402, 4726, 
6563.404, 4743, 
6563.406, 4761, 
6563.408, 4780, 
6563.41, 4798, 
6563.412, 4816, 
6563.414, 4834, 
6563.416, 4852, 
6563.418, 4870, 
6563.42, 4887, 
6563.422, 4905, 
6563.424, 4922, 
6563.426, 4939, 
6563.428, 4958, 
6563.43, 4977, 
6563.432, 4994, 
6563.434, 5014, 
6563.436, 5033, 
6563.438, 5053, 
6563.44, 5072, 
6563.442, 5092, 
6563.444, 5111, 
6563.446, 5130, 
6563.448, 5147, 
6563.45, 5165, 
6563.452, 5182, 
6563.454, 5197, 
6563.456, 5213, 
6563.458, 5230, 
6563.46, 5245, 
6563.462, 5261, 
6563.464, 5275, 
6563.466, 5290, 
6563.468, 5304, 
6563.47, 5318, 
6563.472, 5331, 
6563.474, 5345, 
6563.476, 5358, 
6563.478, 5371, 
6563.48, 5384, 
6563.482, 5396, 
6563.484, 5408, 
6563.486, 5419, 
6563.488, 5430, 
6563.49, 5439, 
6563.492, 5448, 
6563.494, 5457, 
6563.496, 5467, 
6563.498, 5476, 
6563.5, 5485, 
6563.502, 5494, 
6563.504, 5502, 
6563.506, 5512, 
6563.508, 5521, 
6563.51, 5530, 
6563.512, 5539, 
6563.514, 5548, 
6563.516, 5557, 
6563.518, 5566, 
6563.52, 5576, 
6563.522, 5587, 
6563.524, 5597, 
6563.526, 5608, 
6563.528, 5619, 
6563.53, 5631, 
6563.532, 5643, 
6563.534, 5656, 
6563.536, 5669, 
6563.538, 5682, 
6563.54, 5695, 
6563.542, 5708, 
6563.544, 5720, 
6563.546, 5733, 
6563.548, 5745, 
6563.55, 5757, 
6563.552, 5769, 
6563.554, 5782, 
6563.556, 5793, 
6563.558, 5803, 
6563.56, 5812, 
6563.562, 5822, 
6563.564, 5833, 
6563.566, 5843, 
6563.568, 5851, 
6563.57, 5860, 
6563.572, 5869, 
6563.574, 5878, 
6563.576, 5886, 
6563.578, 5895, 
6563.58, 5903, 
6563.582, 5912, 
6563.584, 5921, 
6563.586, 5930, 
6563.588, 5938, 
6563.59, 5947, 
6563.592, 5956, 
6563.594, 5965, 
6563.596, 5974, 
6563.598, 5981, 
6563.6, 5990, 
6563.602, 5997, 
6563.604, 6004, 
6563.606, 6012, 
6563.608, 6019, 
6563.61, 6027, 
6563.612, 6033, 
6563.614, 6041, 
6563.616, 6048, 
6563.618, 6056, 
6563.62, 6062, 
6563.622, 6069, 
6563.624, 6075, 
6563.626, 6082, 
6563.628, 6088, 
6563.63, 6095, 
6563.632, 6101, 
6563.634, 6107, 
6563.636, 6114, 
6563.638, 6121, 
6563.64, 6126, 
6563.642, 6133, 
6563.644, 6138, 
6563.646, 6145, 
6563.648, 6150, 
6563.65, 6156, 
6563.652, 6161, 
6563.654, 6168, 
6563.656, 6173, 
6563.658, 6179, 
6563.66, 6184, 
6563.662, 6189, 
6563.664, 6194, 
6563.666, 6199, 
6563.668, 6203, 
6563.67, 6209, 
6563.672, 6214, 
6563.674, 6219, 
6563.676, 6224, 
6563.678, 6228, 
6563.68, 6233, 
6563.682, 6238, 
6563.684, 6243, 
6563.686, 6249, 
6563.688, 6254, 
6563.69, 6259, 
6563.692, 6264, 
6563.694, 6269, 
6563.696, 6274, 
6563.698, 6279, 
6563.7, 6284, 
6563.702, 6291, 
6563.704, 6295, 
6563.706, 6300, 
6563.708, 6305, 
6563.71, 6310, 
6563.712, 6315, 
6563.714, 6319, 
6563.716, 6324, 
6563.718, 6330, 
6563.72, 6333, 
6563.722, 6338, 
6563.724, 6343, 
6563.726, 6346, 
6563.728, 6351, 
6563.73, 6355, 
6563.732, 6360, 
6563.734, 6364, 
6563.736, 6368, 
6563.738, 6372, 
6563.74, 6376, 
6563.742, 6381, 
6563.744, 6384, 
6563.746, 6389, 
6563.748, 6394, 
6563.75, 6397, 
6563.752, 6402, 
6563.754, 6406, 
6563.756, 6409, 
6563.758, 6414, 
6563.76, 6420, 
6563.762, 6424, 
6563.764, 6428, 
6563.766, 6432, 
6563.768, 6436, 
6563.77, 6440, 
6563.772, 6445, 
6563.774, 6449, 
6563.776, 6453, 
6563.778, 6458, 
6563.78, 6461, 
6563.782, 6466, 
6563.784, 6470, 
6563.786, 6474, 
6563.788, 6479, 
6563.79, 6483, 
6563.792, 6487, 
6563.794, 6490, 
6563.796, 6495, 
6563.798, 6499, 
6563.8, 6501, 
6563.802, 6506, 
6563.804, 6510, 
6563.806, 6513, 
6563.808, 6517, 
6563.81, 6520, 
6563.812, 6524, 
6563.814, 6527, 
6563.816, 6530, 
6563.818, 6534, 
6563.82, 6537, 
6563.822, 6540, 
6563.824, 6543, 
6563.826, 6546, 
6563.828, 6549, 
6563.83, 6553, 
6563.832, 6555, 
6563.834, 6558, 
6563.836, 6561, 
6563.838, 6564, 
6563.84, 6567, 
6563.842, 6570, 
6563.844, 6573, 
6563.846, 6576, 
6563.848, 6579, 
6563.85, 6583, 
6563.852, 6587, 
6563.854, 6591, 
6563.856, 6593, 
6563.858, 6596, 
6563.86, 6600, 
6563.862, 6603, 
6563.864, 6606, 
6563.866, 6610, 
6563.868, 6614, 
6563.87, 6617, 
6563.872, 6619, 
6563.874, 6623, 
6563.876, 6626, 
6563.878, 6630, 
6563.88, 6632, 
6563.882, 6635, 
6563.884, 6638, 
6563.886, 6640, 
6563.888, 6642, 
6563.89, 6645, 
6563.892, 6648, 
6563.894, 6651, 
6563.896, 6653, 
6563.898, 6655, 
6563.9, 6657, 
6563.902, 6660, 
6563.904, 6662, 
6563.906, 6664, 
6563.908, 6666, 
6563.91, 6668, 
6563.912, 6670, 
6563.914, 6672, 
6563.916, 6674, 
6563.918, 6676, 
6563.92, 6678, 
6563.922, 6680, 
6563.924, 6682, 
6563.926, 6685, 
6563.928, 6686, 
6563.93, 6688, 
6563.932, 6690, 
6563.934, 6691, 
6563.936, 6694, 
6563.938, 6696, 
6563.94, 6697, 
6563.942, 6698, 
6563.944, 6700, 
6563.946, 6701, 
6563.948, 6703, 
6563.95, 6705, 
6563.952, 6707, 
6563.954, 6708, 
6563.956, 6710, 
6563.958, 6711, 
6563.96, 6713, 
6563.962, 6715, 
6563.964, 6717, 
6563.966, 6718, 
6563.968, 6719, 
6563.97, 6723, 
6563.972, 6724, 
6563.974, 6725, 
6563.976, 6727, 
6563.978, 6728, 
6563.98, 6730, 
6563.982, 6733, 
6563.984, 6734, 
6563.986, 6736, 
6563.988, 6738, 
6563.99, 6738, 
6563.992, 6739, 
6563.994, 6742, 
6563.996, 6743, 
6563.998, 6744, 
6564.0, 6745, 
6564.002, 6746, 
6564.004, 6747, 
6564.006, 6747, 
6564.008, 6747, 
6564.01, 6748, 
6564.012, 6748, 
6564.014, 6747, 
6564.016, 6747, 
6564.018, 6747, 
6564.02, 6747, 
6564.022, 6746, 
6564.024, 6745, 
6564.026, 6744, 
6564.028, 6744, 
6564.03, 6743, 
6564.032, 6742, 
6564.034, 6741, 
6564.036, 6741, 
6564.038, 6741, 
6564.04, 6741, 
6564.042, 6740, 
6564.044, 6740, 
6564.046, 6741, 
6564.048, 6742, 
6564.05, 6743, 
6564.052, 6744, 
6564.054, 6746, 
6564.056, 6747, 
6564.058, 6751, 
6564.06, 6754, 
6564.062, 6757, 
6564.064, 6760, 
6564.066, 6764, 
6564.068, 6769, 
6564.07, 6773, 
6564.072, 6778, 
6564.074, 6783, 
6564.076, 6787, 
6564.078, 6793, 
6564.08, 6797, 
6564.082, 6802, 
6564.084, 6808, 
6564.086, 6812, 
6564.088, 6818, 
6564.09, 6823, 
6564.092, 6827, 
6564.094, 6832, 
6564.096, 6837, 
6564.098, 6841, 
6564.1, 6845, 
6564.102, 6850, 
6564.104, 6853, 
6564.106, 6857, 
6564.108, 6861, 
6564.11, 6864, 
6564.112, 6867, 
6564.114, 6870, 
6564.116, 6873, 
6564.118, 6876, 
6564.12, 6879, 
6564.122, 6880, 
6564.124, 6882, 
6564.126, 6883, 
6564.128, 6885, 
6564.13, 6886, 
6564.132, 6887, 
6564.134, 6888, 
6564.136, 6888, 
6564.138, 6888, 
6564.14, 6888, 
6564.142, 6888, 
6564.144, 6887, 
6564.146, 6887, 
6564.148, 6885, 
6564.15, 6884, 
6564.152, 6882, 
6564.154, 6881, 
6564.156, 6879, 
6564.158, 6876, 
6564.16, 6873, 
6564.162, 6870, 
6564.164, 6867, 
6564.166, 6862, 
6564.168, 6858, 
6564.17, 6853, 
6564.172, 6846, 
6564.174, 6840, 
6564.176, 6832, 
6564.178, 6827, 
6564.18, 6820, 
6564.182, 6812, 
6564.184, 6801, 
6564.186, 6790, 
6564.188, 6777, 
6564.19, 6764, 
6564.192, 6750, 
6564.194, 6736, 
6564.196, 6719, 
6564.198, 6701, 
6564.2, 6688, 
6564.202, 6678, 
6564.204, 6672, 
6564.206, 6669, 
6564.208, 6669, 
6564.21, 6676, 
6564.212, 6690, 
6564.214, 6708, 
6564.216, 6720, 
6564.218, 6733, 
6564.22, 6749, 
6564.222, 6764, 
6564.224, 6781, 
6564.226, 6799, 
6564.228, 6818, 
6564.23, 6836, 
6564.232, 6852, 
6564.234, 6869, 
6564.236, 6886, 
6564.238, 6901, 
6564.24, 6915, 
6564.242, 6927, 
6564.244, 6938, 
6564.246, 6948, 
6564.248, 6957, 
6564.25, 6967, 
6564.252, 6976, 
6564.254, 6985, 
6564.256, 6993, 
6564.258, 7001, 
6564.26, 7008, 
6564.262, 7014, 
6564.264, 7022, 
6564.266, 7028, 
6564.268, 7035, 
6564.27, 7042, 
6564.272, 7048, 
6564.274, 7054, 
6564.276, 7060, 
6564.278, 7065, 
6564.28, 7070, 
6564.282, 7076, 
6564.284, 7081, 
6564.286, 7086, 
6564.288, 7091, 
6564.29, 7095, 
6564.292, 7099, 
6564.294, 7103, 
6564.296, 7106, 
6564.298, 7111, 
6564.3, 7115, 
6564.302, 7119, 
6564.304, 7122, 
6564.306, 7125, 
6564.308, 7129, 
6564.31, 7132, 
6564.312, 7134, 
6564.314, 7138, 
6564.316, 7141, 
6564.318, 7144, 
6564.32, 7147, 
6564.322, 7150, 
6564.324, 7153, 
6564.326, 7155, 
6564.328, 7158, 
6564.33, 7161, 
6564.332, 7164, 
6564.334, 7166, 
6564.336, 7169, 
6564.338, 7172, 
6564.34, 7175, 
6564.342, 7176, 
6564.344, 7179, 
6564.346, 7182, 
6564.348, 7184, 
6564.35, 7187, 
6564.352, 7189, 
6564.354, 7191, 
6564.356, 7193, 
6564.358, 7195, 
6564.36, 7197, 
6564.362, 7199, 
6564.364, 7201, 
6564.366, 7203, 
6564.368, 7204, 
6564.37, 7206, 
6564.372, 7207, 
6564.374, 7209, 
6564.376, 7211, 
6564.378, 7212, 
6564.38, 7213, 
6564.382, 7215, 
6564.384, 7217, 
6564.386, 7218, 
6564.388, 7219, 
6564.39, 7220, 
6564.392, 7221, 
6564.394, 7223, 
6564.396, 7225, 
6564.398, 7227, 
6564.4, 7229, 
6564.402, 7231, 
6564.404, 7233, 
6564.406, 7234, 
6564.408, 7237, 
6564.41, 7239, 
6564.412, 7242, 
6564.414, 7245, 
6564.416, 7247, 
6564.418, 7249, 
6564.42, 7252, 
6564.422, 7255, 
6564.424, 7257, 
6564.426, 7260, 
6564.428, 7262, 
6564.43, 7264, 
6564.432, 7267, 
6564.434, 7269, 
6564.436, 7272, 
6564.438, 7274, 
6564.44, 7276, 
6564.442, 7278, 
6564.444, 7279, 
6564.446, 7281, 
6564.448, 7284, 
6564.45, 7285, 
6564.452, 7287, 
6564.454, 7289, 
6564.456, 7290, 
6564.458, 7292, 
6564.46, 7293, 
6564.462, 7294, 
6564.464, 7296, 
6564.466, 7298, 
6564.468, 7299, 
6564.47, 7301, 
6564.472, 7303, 
6564.474, 7304, 
6564.476, 7306, 
6564.478, 7307, 
6564.48, 7308, 
6564.482, 7309, 
6564.484, 7311, 
6564.486, 7313, 
6564.488, 7314, 
6564.49, 7316, 
6564.492, 7318, 
6564.494, 7319, 
6564.496, 7321, 
6564.498, 7322, 
6564.5, 7323, 
6564.502, 7325, 
6564.504, 7327, 
6564.506, 7329, 
6564.508, 7331, 
6564.51, 7333, 
6564.512, 7335, 
6564.514, 7337, 
6564.516, 7338, 
6564.518, 7340, 
6564.52, 7342, 
6564.522, 7344, 
6564.524, 7346, 
6564.526, 7348, 
6564.528, 7350, 
6564.53, 7352, 
6564.532, 7353, 
6564.534, 7354, 
6564.536, 7357, 
6564.538, 7359, 
6564.54, 7361, 
6564.542, 7363, 
6564.544, 7365, 
6564.546, 7366, 
6564.548, 7368, 
6564.55, 7369, 
6564.552, 7372, 
6564.554, 7374, 
6564.556, 7375, 
6564.558, 7378, 
6564.56, 7379, 
6564.562, 7381, 
6564.564, 7381, 
6564.566, 7383, 
6564.568, 7384, 
6564.57, 7386, 
6564.572, 7387, 
6564.574, 7389, 
6564.576, 7390, 
6564.578, 7391, 
6564.58, 7392, 
6564.582, 7393, 
6564.584, 7395, 
6564.586, 7396, 
6564.588, 7397, 
6564.59, 7398, 
6564.592, 7400, 
6564.594, 7401, 
6564.596, 7402, 
6564.598, 7404, 
6564.6, 7406, 
6564.602, 7408, 
6564.604, 7409, 
6564.606, 7411, 
6564.608, 7412, 
6564.61, 7413, 
6564.612, 7414, 
6564.614, 7416, 
6564.616, 7417, 
6564.618, 7419, 
6564.62, 7421, 
6564.622, 7422, 
6564.624, 7424, 
6564.626, 7426, 
6564.628, 7427, 
6564.63, 7428, 
6564.632, 7430, 
6564.634, 7432, 
6564.636, 7433, 
6564.638, 7435, 
6564.64, 7437, 
6564.642, 7439, 
6564.644, 7441, 
6564.646, 7443, 
6564.648, 7444, 
6564.65, 7446, 
6564.652, 7448, 
6564.654, 7450, 
6564.656, 7452, 
6564.658, 7454, 
6564.66, 7456, 
6564.662, 7457, 
6564.664, 7459, 
6564.666, 7461, 
6564.668, 7462, 
6564.67, 7463, 
6564.672, 7465, 
6564.674, 7467, 
6564.676, 7468, 
6564.678, 7469, 
6564.68, 7471, 
6564.682, 7472, 
6564.684, 7473, 
6564.686, 7473, 
6564.688, 7475, 
6564.69, 7476, 
6564.692, 7478, 
6564.694, 7479, 
6564.696, 7481, 
6564.698, 7483, 
6564.7, 7484, 
6564.702, 7486, 
6564.704, 7488, 
6564.706, 7488, 
6564.708, 7490, 
6564.71, 7492, 
6564.712, 7493, 
6564.714, 7495, 
6564.716, 7497, 
6564.718, 7499, 
6564.72, 7501, 
6564.722, 7503, 
6564.724, 7503, 
6564.726, 7505, 
6564.728, 7506, 
6564.73, 7507, 
6564.732, 7509, 
6564.734, 7510, 
6564.736, 7512, 
6564.738, 7512, 
6564.74, 7513, 
6564.742, 7514, 
6564.744, 7515, 
6564.746, 7515, 
6564.748, 7515, 
6564.75, 7515, 
6564.752, 7515, 
6564.754, 7516, 
6564.756, 7516, 
6564.758, 7516, 
6564.76, 7516, 
6564.762, 7517, 
6564.764, 7517, 
6564.766, 7517, 
6564.768, 7517, 
6564.77, 7518, 
6564.772, 7519, 
6564.774, 7519, 
6564.776, 7520, 
6564.778, 7520, 
6564.78, 7521, 
6564.782, 7522, 
6564.784, 7523, 
6564.786, 7523, 
6564.788, 7525, 
6564.79, 7526, 
6564.792, 7527, 
6564.794, 7528, 
6564.796, 7530, 
6564.798, 7532, 
6564.8, 7533, 
6564.802, 7535, 
6564.804, 7537, 
6564.806, 7539, 
6564.808, 7540, 
6564.81, 7542, 
6564.812, 7543, 
6564.814, 7546, 
6564.816, 7547, 
6564.818, 7549, 
6564.82, 7551, 
6564.822, 7554, 
6564.824, 7555, 
6564.826, 7557, 
6564.828, 7558, 
6564.83, 7561, 
6564.832, 7563, 
6564.834, 7564, 
6564.836, 7566, 
6564.838, 7568, 
6564.84, 7569, 
6564.842, 7571, 
6564.844, 7573, 
6564.846, 7575, 
6564.848, 7577, 
6564.85, 7578, 
6564.852, 7579, 
6564.854, 7581, 
6564.856, 7583, 
6564.858, 7584, 
6564.86, 7585, 
6564.862, 7587, 
6564.864, 7588, 
6564.866, 7590, 
6564.868, 7591, 
6564.87, 7593, 
6564.872, 7594, 
6564.874, 7596, 
6564.876, 7598, 
6564.878, 7599, 
6564.88, 7599, 
6564.882, 7601, 
6564.884, 7602, 
6564.886, 7604, 
6564.888, 7606, 
6564.89, 7607, 
6564.892, 7609, 
6564.894, 7611, 
6564.896, 7613, 
6564.898, 7614, 
6564.9, 7615, 
6564.902, 7617, 
6564.904, 7618, 
6564.906, 7620, 
6564.908, 7622, 
6564.91, 7623, 
6564.912, 7624, 
6564.914, 7626, 
6564.916, 7628, 
6564.918, 7629, 
6564.92, 7630, 
6564.922, 7631, 
6564.924, 7632, 
6564.926, 7633, 
6564.928, 7634, 
6564.93, 7636, 
6564.932, 7637, 
6564.934, 7639, 
6564.936, 7640, 
6564.938, 7641, 
6564.94, 7642, 
6564.942, 7643, 
6564.944, 7644, 
6564.946, 7646, 
6564.948, 7647, 
6564.95, 7647, 
6564.952, 7649, 
6564.954, 7650, 
6564.956, 7651, 
6564.958, 7653, 
6564.96, 7654, 
6564.962, 7655, 
6564.964, 7656, 
6564.966, 7657, 
6564.968, 7659, 
6564.97, 7661, 
6564.972, 7662, 
6564.974, 7663, 
6564.976, 7663, 
6564.978, 7664, 
6564.98, 7665, 
6564.982, 7666, 
6564.984, 7668, 
6564.986, 7669, 
6564.988, 7670, 
6564.99, 7671, 
6564.992, 7673, 
6564.994, 7674, 
6564.996, 7675, 
6564.998, 7677, 
6565.0, 7679, 
6565.002, 7679, 
6565.004, 7680, 
6565.006, 7682, 
6565.008, 7684, 
6565.01, 7685, 
6565.012, 7686, 
6565.014, 7688, 
6565.016, 7689, 
6565.018, 7690, 
6565.02, 7691, 
6565.022, 7692, 
6565.024, 7693, 
6565.026, 7694, 
6565.028, 7695, 
6565.03, 7696, 
6565.032, 7697, 
6565.034, 7698, 
6565.036, 7699, 
6565.038, 7700, 
6565.04, 7702, 
6565.042, 7703, 
6565.044, 7705, 
6565.046, 7707, 
6565.048, 7709, 
6565.05, 7710, 
6565.052, 7712, 
6565.054, 7714, 
6565.056, 7715, 
6565.058, 7717, 
6565.06, 7719, 
6565.062, 7721, 
6565.064, 7723, 
6565.066, 7725, 
6565.068, 7727, 
6565.07, 7729, 
6565.072, 7730, 
6565.074, 7732, 
6565.076, 7734, 
6565.078, 7735, 
6565.08, 7737, 
6565.082, 7738, 
6565.084, 7739, 
6565.086, 7741, 
6565.088, 7743, 
6565.09, 7744, 
6565.092, 7745, 
6565.094, 7746, 
6565.096, 7747, 
6565.098, 7748, 
6565.1, 7748, 
6565.102, 7749, 
6565.104, 7750, 
6565.106, 7751, 
6565.108, 7752, 
6565.11, 7753, 
6565.112, 7753, 
6565.114, 7755, 
6565.116, 7756, 
6565.118, 7757, 
6565.12, 7758, 
6565.122, 7758, 
6565.124, 7759, 
6565.126, 7761, 
6565.128, 7762, 
6565.13, 7762, 
6565.132, 7763, 
6565.134, 7764, 
6565.136, 7765, 
6565.138, 7766, 
6565.14, 7768, 
6565.142, 7769, 
6565.144, 7770, 
6565.146, 7771, 
6565.148, 7772, 
6565.15, 7773, 
6565.152, 7775, 
6565.154, 7776, 
6565.156, 7777, 
6565.158, 7779, 
6565.16, 7781, 
6565.162, 7782, 
6565.164, 7783, 
6565.166, 7785, 
6565.168, 7786, 
6565.17, 7787, 
6565.172, 7787, 
6565.174, 7788, 
6565.176, 7790, 
6565.178, 7791, 
6565.18, 7792, 
6565.182, 7793, 
6565.184, 7793, 
6565.186, 7794, 
6565.188, 7795, 
6565.19, 7797, 
6565.192, 7798, 
6565.194, 7799, 
6565.196, 7800, 
6565.198, 7801, 
6565.2, 7802, 
6565.202, 7803, 
6565.204, 7805, 
6565.206, 7806, 
6565.208, 7807, 
6565.21, 7808, 
6565.212, 7809, 
6565.214, 7811, 
6565.216, 7813, 
6565.218, 7814, 
6565.22, 7815, 
6565.222, 7817, 
6565.224, 7819, 
6565.226, 7820, 
6565.228, 7822, 
6565.23, 7823, 
6565.232, 7824, 
6565.234, 7825, 
6565.236, 7826, 
6565.238, 7827, 
6565.24, 7828, 
6565.242, 7829, 
6565.244, 7831, 
6565.246, 7831, 
6565.248, 7832, 
6565.25, 7833, 
6565.252, 7834, 
6565.254, 7835, 
6565.256, 7836, 
6565.258, 7837, 
6565.26, 7838, 
6565.262, 7839, 
6565.264, 7840, 
6565.266, 7841, 
6565.268, 7843, 
6565.27, 7844, 
6565.272, 7845, 
6565.274, 7846, 
6565.276, 7847, 
6565.278, 7848, 
6565.28, 7849, 
6565.282, 7850, 
6565.284, 7851, 
6565.286, 7853, 
6565.288, 7854, 
6565.29, 7855, 
6565.292, 7856, 
6565.294, 7857, 
6565.296, 7857, 
6565.298, 7858, 
6565.3, 7858, 
6565.302, 7859, 
6565.304, 7860, 
6565.306, 7860, 
6565.308, 7860, 
6565.31, 7860, 
6565.312, 7860, 
6565.314, 7859, 
6565.316, 7859, 
6565.318, 7859, 
6565.32, 7858, 
6565.322, 7857, 
6565.324, 7857, 
6565.326, 7856, 
6565.328, 7855, 
6565.33, 7854, 
6565.332, 7854, 
6565.334, 7853, 
6565.336, 7852, 
6565.338, 7851, 
6565.34, 7850, 
6565.342, 7848, 
6565.344, 7847, 
6565.346, 7846, 
6565.348, 7845, 
6565.35, 7844, 
6565.352, 7844, 
6565.354, 7843, 
6565.356, 7842, 
6565.358, 7842, 
6565.36, 7841, 
6565.362, 7840, 
6565.364, 7839, 
6565.366, 7838, 
6565.368, 7837, 
6565.37, 7837, 
6565.372, 7836, 
6565.374, 7836, 
6565.376, 7835, 
6565.378, 7836, 
6565.38, 7836, 
6565.382, 7836, 
6565.384, 7835, 
6565.386, 7836, 
6565.388, 7836, 
6565.39, 7836, 
6565.392, 7837, 
6565.394, 7837, 
6565.396, 7838, 
6565.398, 7838, 
6565.4, 7839, 
6565.402, 7840, 
6565.404, 7840, 
6565.406, 7841, 
6565.408, 7842, 
6565.41, 7843, 
6565.412, 7844, 
6565.414, 7845, 
6565.416, 7845, 
6565.418, 7846, 
6565.42, 7847, 
6565.422, 7848, 
6565.424, 7848, 
6565.426, 7849, 
6565.428, 7849, 
6565.43, 7849, 
6565.432, 7848, 
6565.434, 7848, 
6565.436, 7847, 
6565.438, 7846, 
6565.44, 7845, 
6565.442, 7843, 
6565.444, 7840, 
6565.446, 7838, 
6565.448, 7835, 
6565.45, 7833, 
6565.452, 7829, 
6565.454, 7825, 
6565.456, 7822, 
6565.458, 7817, 
6565.46, 7813, 
6565.462, 7810, 
6565.464, 7805, 
6565.466, 7800, 
6565.468, 7796, 
6565.47, 7792, 
6565.472, 7787, 
6565.474, 7784, 
6565.476, 7780, 
6565.478, 7777, 
6565.48, 7773, 
6565.482, 7770, 
6565.484, 7767, 
6565.486, 7764, 
6565.488, 7761, 
6565.49, 7759, 
6565.492, 7757, 
6565.494, 7754, 
6565.496, 7752, 
6565.498, 7750, 
6565.5, 7749, 
6565.502, 7749, 
6565.504, 7748, 
6565.506, 7747, 
6565.508, 7747, 
6565.51, 7748, 
6565.512, 7748, 
6565.514, 7748, 
6565.516, 7749, 
6565.518, 7750, 
6565.52, 7751, 
6565.522, 7753, 
6565.524, 7755, 
6565.526, 7757, 
6565.528, 7760, 
6565.53, 7762, 
6565.532, 7766, 
6565.534, 7769, 
6565.536, 7771, 
6565.538, 7775, 
6565.54, 7780, 
6565.542, 7784, 
6565.544, 7788, 
6565.546, 7793, 
6565.548, 7798, 
6565.55, 7802, 
6565.552, 7807, 
6565.554, 7812, 
6565.556, 7816, 
6565.558, 7820, 
6565.56, 7826, 
6565.562, 7831, 
6565.564, 7837, 
6565.566, 7841, 
6565.568, 7847, 
6565.57, 7852, 
6565.572, 7857, 
6565.574, 7863, 
6565.576, 7869, 
6565.578, 7873, 
6565.58, 7879, 
6565.582, 7884, 
6565.584, 7889, 
6565.586, 7894, 
6565.588, 7899, 
6565.59, 7904, 
6565.592, 7910, 
6565.594, 7915, 
6565.596, 7920, 
6565.598, 7925, 
6565.6, 7929, 
6565.602, 7934, 
6565.604, 7939, 
6565.606, 7943, 
6565.608, 7948, 
6565.61, 7953, 
6565.612, 7957, 
6565.614, 7960, 
6565.616, 7965, 
6565.618, 7969, 
6565.62, 7972, 
6565.622, 7975, 
6565.624, 7979, 
6565.626, 7983, 
6565.628, 7987, 
6565.63, 7989, 
6565.632, 7993, 
6565.634, 7996, 
6565.636, 7999, 
6565.638, 8001, 
6565.64, 8003, 
6565.642, 8006, 
6565.644, 8009, 
6565.646, 8012, 
6565.648, 8014, 
6565.65, 8016, 
6565.652, 8018, 
6565.654, 8020, 
6565.656, 8022, 
6565.658, 8024, 
6565.66, 8026, 
6565.662, 8028, 
6565.664, 8029, 
6565.666, 8030, 
6565.668, 8032, 
6565.67, 8034, 
6565.672, 8035, 
6565.674, 8036, 
6565.676, 8037, 
6565.678, 8038, 
6565.68, 8039, 
6565.682, 8039, 
6565.684, 8041, 
6565.686, 8042, 
6565.688, 8043, 
6565.69, 8044, 
6565.692, 8045, 
6565.694, 8046, 
6565.696, 8047, 
6565.698, 8048, 
6565.7, 8050, 
6565.702, 8051, 
6565.704, 8052, 
6565.706, 8052, 
6565.708, 8053, 
6565.71, 8054, 
6565.712, 8056, 
6565.714, 8056, 
6565.716, 8057, 
6565.718, 8058, 
6565.72, 8058, 
6565.722, 8059, 
6565.724, 8060, 
6565.726, 8061, 
6565.728, 8061, 
6565.73, 8062, 
6565.732, 8063, 
6565.734, 8064, 
6565.736, 8065, 
6565.738, 8066, 
6565.74, 8067, 
6565.742, 8068, 
6565.744, 8069, 
6565.746, 8070, 
6565.748, 8072, 
6565.75, 8073, 
6565.752, 8074, 
6565.754, 8075, 
6565.756, 8076, 
6565.758, 8077, 
6565.76, 8078, 
6565.762, 8079, 
6565.764, 8080, 
6565.766, 8080, 
6565.768, 8081, 
6565.77, 8081, 
6565.772, 8082, 
6565.774, 8082, 
6565.776, 8082, 
6565.778, 8083, 
6565.78, 8083, 
6565.782, 8083, 
6565.784, 8083, 
6565.786, 8084, 
6565.788, 8084, 
6565.79, 8084, 
6565.792, 8084, 
6565.794, 8084, 
6565.796, 8085, 
6565.798, 8085, 
6565.8, 8085, 
6565.802, 8086, 
6565.804, 8086, 
6565.806, 8086, 
6565.808, 8087, 
6565.81, 8087, 
6565.812, 8087, 
6565.814, 8088, 
6565.816, 8088, 
6565.818, 8089, 
6565.82, 8089, 
6565.822, 8089, 
6565.824, 8090, 
6565.826, 8090, 
6565.828, 8090, 
6565.83, 8091, 
6565.832, 8091, 
6565.834, 8091, 
6565.836, 8092, 
6565.838, 8092, 
6565.84, 8093, 
6565.842, 8093, 
6565.844, 8093, 
6565.846, 8093, 
6565.848, 8092, 
6565.85, 8092, 
6565.852, 8092, 
6565.854, 8092, 
6565.856, 8091, 
6565.858, 8091, 
6565.86, 8090, 
6565.862, 8090, 
6565.864, 8089, 
6565.866, 8089, 
6565.868, 8088, 
6565.87, 8088, 
6565.872, 8087, 
6565.874, 8087, 
6565.876, 8086, 
6565.878, 8086, 
6565.88, 8086, 
6565.882, 8086, 
6565.884, 8086, 
6565.886, 8086, 
6565.888, 8086, 
6565.89, 8085, 
6565.892, 8086, 
6565.894, 8086, 
6565.896, 8086, 
6565.898, 8087, 
6565.9, 8087, 
6565.902, 8088, 
6565.904, 8089, 
6565.906, 8090, 
6565.908, 8091, 
6565.91, 8092, 
6565.912, 8093, 
6565.914, 8095, 
6565.916, 8096, 
6565.918, 8098, 
6565.92, 8100, 
6565.922, 8102, 
6565.924, 8104, 
6565.926, 8107, 
6565.928, 8109, 
6565.93, 8111, 
6565.932, 8114, 
6565.934, 8117, 
6565.936, 8120, 
6565.938, 8123, 
6565.94, 8124, 
6565.942, 8127, 
6565.944, 8129, 
6565.946, 8132, 
6565.948, 8134, 
6565.95, 8137, 
6565.952, 8139, 
6565.954, 8140, 
6565.956, 8141, 
6565.958, 8143, 
6565.96, 8144, 
6565.962, 8145, 
6565.964, 8146, 
6565.966, 8147, 
6565.968, 8148, 
6565.97, 8149, 
6565.972, 8149, 
6565.974, 8150, 
6565.976, 8151, 
6565.978, 8151, 
6565.98, 8152, 
6565.982, 8153, 
6565.984, 8154, 
6565.986, 8154, 
6565.988, 8155, 
6565.99, 8156, 
6565.992, 8157, 
6565.994, 8158, 
6565.996, 8159, 
6565.998, 8160, 
6566.0, 8161, 
6566.002, 8162, 
6566.004, 8163, 
6566.006, 8164, 
6566.008, 8164, 
6566.01, 8165, 
6566.012, 8166, 
6566.014, 8167, 
6566.016, 8168, 
6566.018, 8169, 
6566.02, 8170, 
6566.022, 8171, 
6566.024, 8172, 
6566.026, 8173, 
6566.028, 8174, 
6566.03, 8174, 
6566.032, 8175, 
6566.034, 8175, 
6566.036, 8176, 
6566.038, 8177, 
6566.04, 8177, 
6566.042, 8178, 
6566.044, 8178, 
6566.046, 8178, 
6566.048, 8178, 
6566.05, 8178, 
6566.052, 8178, 
6566.054, 8178, 
6566.056, 8178, 
6566.058, 8179, 
6566.06, 8179, 
6566.062, 8180, 
6566.064, 8180, 
6566.066, 8181, 
6566.068, 8181, 
6566.07, 8182, 
6566.072, 8182, 
6566.074, 8183, 
6566.076, 8184, 
6566.078, 8184, 
6566.08, 8185, 
6566.082, 8185, 
6566.084, 8186, 
6566.086, 8186, 
6566.088, 8188, 
6566.09, 8189, 
6566.092, 8189, 
6566.094, 8190, 
6566.096, 8190, 
6566.098, 8191, 
6566.1, 8193, 
6566.102, 8194, 
6566.104, 8195, 
6566.106, 8196, 
6566.108, 8197, 
6566.11, 8198, 
6566.112, 8200, 
6566.114, 8201, 
6566.116, 8203, 
6566.118, 8205, 
6566.12, 8206, 
6566.122, 8207, 
6566.124, 8209, 
6566.126, 8210, 
6566.128, 8212, 
6566.13, 8213, 
6566.132, 8215, 
6566.134, 8216, 
6566.136, 8217, 
6566.138, 8219, 
6566.14, 8220, 
6566.142, 8222, 
6566.144, 8223, 
6566.146, 8224, 
6566.148, 8225, 
6566.15, 8227, 
6566.152, 8228, 
6566.154, 8229, 
6566.156, 8230, 
6566.158, 8232, 
6566.16, 8233, 
6566.162, 8235, 
6566.164, 8236, 
6566.166, 8236, 
6566.168, 8237, 
6566.17, 8238, 
6566.172, 8239, 
6566.174, 8241, 
6566.176, 8242, 
6566.178, 8244, 
6566.18, 8245, 
6566.182, 8246, 
6566.184, 8247, 
6566.186, 8248, 
6566.188, 8249, 
6566.19, 8250, 
6566.192, 8251, 
6566.194, 8252, 
6566.196, 8253, 
6566.198, 8253, 
6566.2, 8254, 
6566.202, 8254, 
6566.204, 8255, 
6566.206, 8256, 
6566.208, 8256, 
6566.21, 8257, 
6566.212, 8257, 
6566.214, 8257, 
6566.216, 8258, 
6566.218, 8258, 
6566.22, 8259, 
6566.222, 8259, 
6566.224, 8260, 
6566.226, 8261, 
6566.228, 8261, 
6566.23, 8262, 
6566.232, 8262, 
6566.234, 8263, 
6566.236, 8264, 
6566.238, 8264, 
6566.24, 8265, 
6566.242, 8265, 
6566.244, 8265, 
6566.246, 8266, 
6566.248, 8266, 
6566.25, 8267, 
6566.252, 8267, 
6566.254, 8268, 
6566.256, 8269, 
6566.258, 8269, 
6566.26, 8270, 
6566.262, 8270, 
6566.264, 8271, 
6566.266, 8272, 
6566.268, 8272, 
6566.27, 8273, 
6566.272, 8273, 
6566.274, 8274, 
6566.276, 8275, 
6566.278, 8276, 
6566.28, 8277, 
6566.282, 8278, 
6566.284, 8279, 
6566.286, 8279, 
6566.288, 8280, 
6566.29, 8280, 
6566.292, 8281, 
6566.294, 8282, 
6566.296, 8282, 
6566.298, 8283, 
6566.3, 8283, 
6566.302, 8283, 
6566.304, 8284, 
6566.306, 8284, 
6566.308, 8285, 
6566.31, 8285, 
6566.312, 8285, 
6566.314, 8286, 
6566.316, 8286, 
6566.318, 8286, 
6566.32, 8287, 
6566.322, 8287, 
6566.324, 8288, 
6566.326, 8288, 
6566.328, 8289, 
6566.33, 8290, 
6566.332, 8290, 
6566.334, 8291, 
6566.336, 8292, 
6566.338, 8293, 
6566.34, 8293, 
6566.342, 8294, 
6566.344, 8295, 
6566.346, 8295, 
6566.348, 8296, 
6566.35, 8296, 
6566.352, 8297, 
6566.354, 8297, 
6566.356, 8297, 
6566.358, 8298, 
6566.36, 8298, 
6566.362, 8299, 
6566.364, 8299, 
6566.366, 8299, 
6566.368, 8299, 
6566.37, 8300, 
6566.372, 8300, 
6566.374, 8300, 
6566.376, 8300, 
6566.378, 8300, 
6566.38, 8300, 
6566.382, 8300, 
6566.384, 8300, 
6566.386, 8300, 
6566.388, 8300, 
6566.39, 8301, 
6566.392, 8301, 
6566.394, 8301, 
6566.396, 8301, 
6566.398, 8301, 
6566.4, 8302, 
6566.402, 8302, 
6566.404, 8302, 
6566.406, 8302, 
6566.408, 8302, 
6566.41, 8303, 
6566.412, 8303, 
6566.414, 8303, 
6566.416, 8304, 
6566.418, 8304, 
6566.42, 8305, 
6566.422, 8306, 
6566.424, 8307, 
6566.426, 8308, 
6566.428, 8309, 
6566.43, 8310, 
6566.432, 8311, 
6566.434, 8312, 
6566.436, 8313, 
6566.438, 8314, 
6566.44, 8315, 
6566.442, 8316, 
6566.444, 8316, 
6566.446, 8317, 
6566.448, 8317, 
6566.45, 8318, 
6566.452, 8319, 
6566.454, 8319, 
6566.456, 8320, 
6566.458, 8320, 
6566.46, 8321, 
6566.462, 8322, 
6566.464, 8322, 
6566.466, 8323, 
6566.468, 8323, 
6566.47, 8324, 
6566.472, 8324, 
6566.474, 8325, 
6566.476, 8326, 
6566.478, 8326, 
6566.48, 8327, 
6566.482, 8328, 
6566.484, 8329, 
6566.486, 8330, 
6566.488, 8331, 
6566.49, 8332, 
6566.492, 8333, 
6566.494, 8334, 
6566.496, 8336, 
6566.498, 8337, 
6566.5, 8338, 
6566.502, 8339, 
6566.504, 8339, 
6566.506, 8340, 
6566.508, 8340, 
6566.51, 8341, 
6566.512, 8342, 
6566.514, 8342, 
6566.516, 8342, 
6566.518, 8342, 
6566.52, 8343, 
6566.522, 8342, 
6566.524, 8342, 
6566.526, 8342, 
6566.528, 8342, 
6566.53, 8341, 
6566.532, 8342, 
6566.534, 8341, 
6566.536, 8341, 
6566.538, 8340, 
6566.54, 8340, 
6566.542, 8339, 
6566.544, 8339, 
6566.546, 8338, 
6566.548, 8338, 
6566.55, 8337, 
6566.552, 8337, 
6566.554, 8337, 
6566.556, 8337, 
6566.558, 8337, 
6566.56, 8337, 
6566.562, 8337, 
6566.564, 8337, 
6566.566, 8338, 
6566.568, 8339, 
6566.57, 8339, 
6566.572, 8340, 
6566.574, 8340, 
6566.576, 8341, 
6566.578, 8342, 
6566.58, 8343, 
6566.582, 8344, 
6566.584, 8345, 
6566.586, 8347, 
6566.588, 8348, 
6566.59, 8349, 
6566.592, 8351, 
6566.594, 8352, 
6566.596, 8354, 
6566.598, 8355, 
6566.6, 8357, 
6566.602, 8358, 
6566.604, 8360, 
6566.606, 8361, 
6566.608, 8362, 
6566.61, 8363, 
6566.612, 8364, 
6566.614, 8366, 
6566.616, 8367, 
6566.618, 8367, 
6566.62, 8368, 
6566.622, 8368, 
6566.624, 8369, 
6566.626, 8370, 
6566.628, 8370, 
6566.63, 8370, 
6566.632, 8371, 
6566.634, 8371, 
6566.636, 8371, 
6566.638, 8371, 
6566.64, 8372, 
6566.642, 8372, 
6566.644, 8372, 
6566.646, 8373, 
6566.648, 8373, 
6566.65, 8374, 
6566.652, 8374, 
6566.654, 8375, 
6566.656, 8376, 
6566.658, 8377, 
6566.66, 8378, 
6566.662, 8379, 
6566.664, 8380, 
6566.666, 8381, 
6566.668, 8382, 
6566.67, 8383, 
6566.672, 8384, 
6566.674, 8385, 
6566.676, 8386, 
6566.678, 8387, 
6566.68, 8388, 
6566.682, 8389, 
6566.684, 8390, 
6566.686, 8390, 
6566.688, 8391, 
6566.69, 8392, 
6566.692, 8393, 
6566.694, 8394, 
6566.696, 8394, 
6566.698, 8395, 
6566.7, 8395, 
6566.702, 8396, 
6566.704, 8397, 
6566.706, 8397, 
6566.708, 8398, 
6566.71, 8398, 
6566.712, 8400, 
6566.714, 8400, 
6566.716, 8401, 
6566.718, 8402, 
6566.72, 8403, 
6566.722, 8404, 
6566.724, 8405, 
6566.726, 8406, 
6566.728, 8406, 
6566.73, 8407, 
6566.732, 8408, 
6566.734, 8409, 
6566.736, 8410, 
6566.738, 8410, 
6566.74, 8411, 
6566.742, 8412, 
6566.744, 8413, 
6566.746, 8414, 
6566.748, 8415, 
6566.75, 8415, 
6566.752, 8416, 
6566.754, 8417, 
6566.756, 8418, 
6566.758, 8419, 
6566.76, 8420, 
6566.762, 8421, 
6566.764, 8421, 
6566.766, 8423, 
6566.768, 8423, 
6566.77, 8424, 
6566.772, 8424, 
6566.774, 8425, 
6566.776, 8426, 
6566.778, 8426, 
6566.78, 8427, 
6566.782, 8427, 
6566.784, 8427, 
6566.786, 8428, 
6566.788, 8428, 
6566.79, 8428, 
6566.792, 8429, 
6566.794, 8429, 
6566.796, 8430, 
6566.798, 8430, 
6566.8, 8431, 
6566.802, 8432, 
6566.804, 8432, 
6566.806, 8433, 
6566.808, 8434, 
6566.81, 8435, 
6566.812, 8436, 
6566.814, 8437, 
6566.816, 8438, 
6566.818, 8439, 
6566.82, 8440, 
6566.822, 8441, 
6566.824, 8442, 
6566.826, 8443, 
6566.828, 8444, 
6566.83, 8444, 
6566.832, 8445, 
6566.834, 8445, 
6566.836, 8446, 
6566.838, 8447, 
6566.84, 8447, 
6566.842, 8448, 
6566.844, 8448, 
6566.846, 8449, 
6566.848, 8450, 
6566.85, 8450, 
6566.852, 8450, 
6566.854, 8450, 
6566.856, 8451, 
6566.858, 8452, 
6566.86, 8452, 
6566.862, 8453, 
6566.864, 8453, 
6566.866, 8454, 
6566.868, 8455, 
6566.87, 8455, 
6566.872, 8456, 
6566.874, 8456, 
6566.876, 8457, 
6566.878, 8458, 
6566.88, 8458, 
6566.882, 8459, 
6566.884, 8459, 
6566.886, 8460, 
6566.888, 8460, 
6566.89, 8460, 
6566.892, 8460, 
6566.894, 8459, 
6566.896, 8459, 
6566.898, 8459, 
6566.9, 8458, 
6566.902, 8458, 
6566.904, 8457, 
6566.906, 8456, 
6566.908, 8456, 
6566.91, 8455, 
6566.912, 8455, 
6566.914, 8454, 
6566.916, 8454, 
6566.918, 8453, 
6566.92, 8453, 
6566.922, 8452, 
6566.924, 8452, 
6566.926, 8453, 
6566.928, 8453, 
6566.93, 8454, 
6566.932, 8455, 
6566.934, 8455, 
6566.936, 8456, 
6566.938, 8457, 
6566.94, 8458, 
6566.942, 8459, 
6566.944, 8461, 
6566.946, 8462, 
6566.948, 8463, 
6566.95, 8464, 
6566.952, 8465, 
6566.954, 8467, 
6566.956, 8468, 
6566.958, 8469, 
6566.96, 8469, 
6566.962, 8470, 
6566.964, 8470, 
6566.966, 8471, 
6566.968, 8473, 
6566.97, 8474, 
6566.972, 8475, 
6566.974, 8476, 
6566.976, 8477, 
6566.978, 8478, 
6566.98, 8480, 
6566.982, 8481, 
6566.984, 8483, 
6566.986, 8484, 
6566.988, 8486, 
6566.99, 8488, 
6566.992, 8489, 
6566.994, 8491, 
6566.996, 8493, 
6566.998, 8494, 
6567.0, 8495, 
6567.002, 8497, 
6567.004, 8498, 
6567.006, 8499, 
6567.008, 8501, 
6567.01, 8502, 
6567.012, 8503, 
6567.014, 8504, 
6567.016, 8505, 
6567.018, 8506, 
6567.02, 8507, 
6567.022, 8508, 
6567.024, 8508, 
6567.026, 8509, 
6567.028, 8510, 
6567.03, 8510, 
6567.032, 8510, 
6567.034, 8511, 
6567.036, 8511, 
6567.038, 8512, 
6567.04, 8512, 
6567.042, 8512, 
6567.044, 8513, 
6567.046, 8513, 
6567.048, 8514, 
6567.05, 8514, 
6567.052, 8515, 
6567.054, 8516, 
6567.056, 8516, 
6567.058, 8517, 
6567.06, 8517, 
6567.062, 8518, 
6567.064, 8518, 
6567.066, 8518, 
6567.068, 8519, 
6567.07, 8519, 
6567.072, 8519, 
6567.074, 8520, 
6567.076, 8520, 
6567.078, 8520, 
6567.08, 8521, 
6567.082, 8521, 
6567.084, 8522, 
6567.086, 8522, 
6567.088, 8522, 
6567.09, 8523, 
6567.092, 8523, 
6567.094, 8524, 
6567.096, 8525, 
6567.098, 8525, 
6567.1, 8526, 
6567.102, 8526, 
6567.104, 8527, 
6567.106, 8528, 
6567.108, 8528, 
6567.11, 8529, 
6567.112, 8529, 
6567.114, 8530, 
6567.116, 8530, 
6567.118, 8530, 
6567.12, 8531, 
6567.122, 8531, 
6567.124, 8531, 
6567.126, 8531, 
6567.128, 8531, 
6567.13, 8532, 
6567.132, 8532, 
6567.134, 8533, 
6567.136, 8533, 
6567.138, 8533, 
6567.14, 8533, 
6567.142, 8533, 
6567.144, 8533, 
6567.146, 8533, 
6567.148, 8533, 
6567.15, 8533, 
6567.152, 8533, 
6567.154, 8533, 
6567.156, 8533, 
6567.158, 8532, 
6567.16, 8532, 
6567.162, 8532, 
6567.164, 8531, 
6567.166, 8532, 
6567.168, 8531, 
6567.17, 8531, 
6567.172, 8531, 
6567.174, 8531, 
6567.176, 8530, 
6567.178, 8530, 
6567.18, 8529, 
6567.182, 8529, 
6567.184, 8529, 
6567.186, 8529, 
6567.188, 8528, 
6567.19, 8528, 
6567.192, 8528, 
6567.194, 8529, 
6567.196, 8529, 
6567.198, 8530, 
6567.2, 8531, 
6567.202, 8532, 
6567.204, 8532, 
6567.206, 8533, 
6567.208, 8534, 
6567.21, 8535, 
6567.212, 8536, 
6567.214, 8537, 
6567.216, 8539, 
6567.218, 8540, 
6567.22, 8541, 
6567.222, 8543, 
6567.224, 8545, 
6567.226, 8546, 
6567.228, 8547, 
6567.23, 8549, 
6567.232, 8551, 
6567.234, 8552, 
6567.236, 8554, 
6567.238, 8556, 
6567.24, 8557, 
6567.242, 8559, 
6567.244, 8560, 
6567.246, 8562, 
6567.248, 8563, 
6567.25, 8564, 
6567.252, 8566, 
6567.254, 8567, 
6567.256, 8568, 
6567.258, 8568, 
6567.26, 8569, 
6567.262, 8570, 
6567.264, 8571, 
6567.266, 8572, 
6567.268, 8572, 
6567.27, 8573, 
6567.272, 8574, 
6567.274, 8574, 
6567.276, 8575, 
6567.278, 8575, 
6567.28, 8575, 
6567.282, 8576, 
6567.284, 8576, 
6567.286, 8576, 
6567.288, 8576, 
6567.29, 8576, 
6567.292, 8577, 
6567.294, 8577, 
6567.296, 8577, 
6567.298, 8578, 
6567.3, 8578, 
6567.302, 8578, 
6567.304, 8579, 
6567.306, 8579, 
6567.308, 8580, 
6567.31, 8580, 
6567.312, 8580, 
6567.314, 8580, 
6567.316, 8580, 
6567.318, 8580, 
6567.32, 8580, 
6567.322, 8580, 
6567.324, 8580, 
6567.326, 8580, 
6567.328, 8580, 
6567.33, 8579, 
6567.332, 8578, 
6567.334, 8577, 
6567.336, 8576, 
6567.338, 8575, 
6567.34, 8574, 
6567.342, 8573, 
6567.344, 8572, 
6567.346, 8571, 
6567.348, 8570, 
6567.35, 8569, 
6567.352, 8568, 
6567.354, 8568, 
6567.356, 8567, 
6567.358, 8567, 
6567.36, 8566, 
6567.362, 8566, 
6567.364, 8567, 
6567.366, 8567, 
6567.368, 8567, 
6567.37, 8567, 
6567.372, 8568, 
6567.374, 8568, 
6567.376, 8569, 
6567.378, 8569, 
6567.38, 8569, 
6567.382, 8570, 
6567.384, 8570, 
6567.386, 8570, 
6567.388, 8570, 
6567.39, 8570, 
6567.392, 8570, 
6567.394, 8570, 
6567.396, 8570, 
6567.398, 8570, 
6567.4, 8570, 
6567.402, 8570, 
6567.404, 8569, 
6567.406, 8570, 
6567.408, 8569, 
6567.41, 8569, 
6567.412, 8569, 
6567.414, 8569, 
6567.416, 8569, 
6567.418, 8569, 
6567.42, 8570, 
6567.422, 8570, 
6567.424, 8571, 
6567.426, 8572, 
6567.428, 8572, 
6567.43, 8573, 
6567.432, 8575, 
6567.434, 8576, 
6567.436, 8577, 
6567.438, 8578, 
6567.44, 8580, 
6567.442, 8581, 
6567.444, 8583, 
6567.446, 8584, 
6567.448, 8585, 
6567.45, 8587, 
6567.452, 8588, 
6567.454, 8589, 
6567.456, 8591, 
6567.458, 8592, 
6567.46, 8594, 
6567.462, 8596, 
6567.464, 8598, 
6567.466, 8599, 
6567.468, 8601, 
6567.47, 8602, 
6567.472, 8603, 
6567.474, 8605, 
6567.476, 8607, 
6567.478, 8609, 
6567.48, 8610, 
6567.482, 8612, 
6567.484, 8614, 
6567.486, 8615, 
6567.488, 8616, 
6567.49, 8618, 
6567.492, 8619, 
6567.494, 8620, 
6567.496, 8621, 
6567.498, 8622, 
6567.5, 8624, 
6567.502, 8625, 
6567.504, 8627, 
6567.506, 8628, 
6567.508, 8629, 
6567.51, 8630, 
6567.512, 8631, 
6567.514, 8632, 
6567.516, 8633, 
6567.518, 8633, 
6567.52, 8634, 
6567.522, 8635, 
6567.524, 8635, 
6567.526, 8635, 
6567.528, 8635, 
6567.53, 8636, 
6567.532, 8636, 
6567.534, 8636, 
6567.536, 8637, 
6567.538, 8637, 
6567.54, 8638, 
6567.542, 8639, 
6567.544, 8639, 
6567.546, 8640, 
6567.548, 8641, 
6567.55, 8641, 
6567.552, 8642, 
6567.554, 8642, 
6567.556, 8643, 
6567.558, 8644, 
6567.56, 8644, 
6567.562, 8645, 
6567.564, 8645, 
6567.566, 8646, 
6567.568, 8647, 
6567.57, 8647, 
6567.572, 8648, 
6567.574, 8648, 
6567.576, 8648, 
6567.578, 8649, 
6567.58, 8649, 
6567.582, 8649, 
6567.584, 8649, 
6567.586, 8649, 
6567.588, 8650, 
6567.59, 8650, 
6567.592, 8650, 
6567.594, 8650, 
6567.596, 8650, 
6567.598, 8651, 
6567.6, 8651, 
6567.602, 8651, 
6567.604, 8652, 
6567.606, 8653, 
6567.608, 8653, 
6567.61, 8653, 
6567.612, 8653, 
6567.614, 8654, 
6567.616, 8655, 
6567.618, 8655, 
6567.62, 8656, 
6567.622, 8656, 
6567.624, 8656, 
6567.626, 8656, 
6567.628, 8656, 
6567.63, 8656, 
6567.632, 8656, 
6567.634, 8656, 
6567.636, 8656, 
6567.638, 8656, 
6567.64, 8656, 
6567.642, 8656, 
6567.644, 8656, 
6567.646, 8656, 
6567.648, 8656, 
6567.65, 8655, 
6567.652, 8655, 
6567.654, 8656, 
6567.656, 8656, 
6567.658, 8656, 
6567.66, 8656, 
6567.662, 8655, 
6567.664, 8656, 
6567.666, 8656, 
6567.668, 8656, 
6567.67, 8656, 
6567.672, 8657, 
6567.674, 8657, 
6567.676, 8657, 
6567.678, 8658, 
6567.68, 8658, 
6567.682, 8659, 
6567.684, 8659, 
6567.686, 8660, 
6567.688, 8660, 
6567.69, 8661, 
6567.692, 8662, 
6567.694, 8662, 
6567.696, 8662, 
6567.698, 8663, 
6567.7, 8663, 
6567.702, 8664, 
6567.704, 8664, 
6567.706, 8665, 
6567.708, 8665, 
6567.71, 8665, 
6567.712, 8666, 
6567.714, 8666, 
6567.716, 8666, 
6567.718, 8667, 
6567.72, 8668, 
6567.722, 8669, 
6567.724, 8669, 
6567.726, 8669, 
6567.728, 8670, 
6567.73, 8670, 
6567.732, 8671, 
6567.734, 8672, 
6567.736, 8672, 
6567.738, 8673, 
6567.74, 8674, 
6567.742, 8675, 
6567.744, 8675, 
6567.746, 8676, 
6567.748, 8677, 
6567.75, 8678, 
6567.752, 8679, 
6567.754, 8679, 
6567.756, 8680, 
6567.758, 8680, 
6567.76, 8680, 
6567.762, 8681, 
6567.764, 8681, 
6567.766, 8681, 
6567.768, 8681, 
6567.77, 8681, 
6567.772, 8681, 
6567.774, 8681, 
6567.776, 8681, 
6567.778, 8681, 
6567.78, 8680, 
6567.782, 8680, 
6567.784, 8680, 
6567.786, 8681, 
6567.788, 8681, 
6567.79, 8681, 
6567.792, 8681, 
6567.794, 8681, 
6567.796, 8681, 
6567.798, 8681, 
6567.8, 8681, 
6567.802, 8681, 
6567.804, 8681, 
6567.806, 8682, 
6567.808, 8682, 
6567.81, 8683, 
6567.812, 8683, 
6567.814, 8684, 
6567.816, 8685, 
6567.818, 8686, 
6567.82, 8687, 
6567.822, 8687, 
6567.824, 8688, 
6567.826, 8689, 
6567.828, 8690, 
6567.83, 8692, 
6567.832, 8693, 
6567.834, 8694, 
6567.836, 8696, 
6567.838, 8698, 
6567.84, 8699, 
6567.842, 8700, 
6567.844, 8702, 
6567.846, 8704, 
6567.848, 8705, 
6567.85, 8707, 
6567.852, 8708, 
6567.854, 8709, 
6567.856, 8711, 
6567.858, 8712, 
6567.86, 8714, 
6567.862, 8715, 
6567.864, 8716, 
6567.866, 8717, 
6567.868, 8717, 
6567.87, 8718, 
6567.872, 8718, 
6567.874, 8719, 
6567.876, 8719, 
6567.878, 8719, 
6567.88, 8720, 
6567.882, 8719, 
6567.884, 8719, 
6567.886, 8719, 
6567.888, 8719, 
6567.89, 8718, 
6567.892, 8718, 
6567.894, 8717, 
6567.896, 8717, 
6567.898, 8716, 
6567.9, 8716, 
6567.902, 8715, 
6567.904, 8715, 
6567.906, 8715, 
6567.908, 8716, 
6567.91, 8716, 
6567.912, 8716, 
6567.914, 8716, 
6567.916, 8716, 
6567.918, 8716, 
6567.92, 8716, 
6567.922, 8717, 
6567.924, 8718, 
6567.926, 8718, 
6567.928, 8719, 
6567.93, 8719, 
6567.932, 8720, 
6567.934, 8721, 
6567.936, 8722, 
6567.938, 8723, 
6567.94, 8723, 
6567.942, 8724, 
6567.944, 8725, 
6567.946, 8726, 
6567.948, 8726, 
6567.95, 8727, 
6567.952, 8728, 
6567.954, 8729, 
6567.956, 8730, 
6567.958, 8730, 
6567.96, 8731, 
6567.962, 8731, 
6567.964, 8732, 
6567.966, 8733, 
6567.968, 8733, 
6567.97, 8734, 
6567.972, 8734, 
6567.974, 8734, 
6567.976, 8735, 
6567.978, 8735, 
6567.98, 8735, 
6567.982, 8735, 
6567.984, 8735, 
6567.986, 8735, 
6567.988, 8735, 
6567.99, 8736, 
6567.992, 8737, 
6567.994, 8737, 
6567.996, 8737, 
6567.998, 8738, 
6568.0, 8738, 
